/**
 * Created by duncan on 5/16/18.
 */
const NODECOLOR = "#2e5e2c"
const NODEBORDER = "#33a12d"
const NODESIZE = 20

export default {
    graphL: { nodes: [
        { name: 'Y_86', x: '747', y:'646', size: NODESIZE, color: NODECOLOR},
        { name: 'Y_9', x: '734', y:'554', size: NODESIZE, color: NODECOLOR},
        { name: 'Y_58', x: '562', y:'334', size: NODESIZE, color: NODECOLOR},
        { name: 'Y_44', x: '816', y:'419', size: NODESIZE, color: NODECOLOR},
        { name: 'Y_107', x: '764', y:'47', size: NODESIZE, color: NODECOLOR},
        { name: 'Y_2', x: '874', y:'786', size: NODESIZE, color: NODECOLOR},
        { name: 'Y_51', x: '855', y:'691', size: NODESIZE, color: NODECOLOR},
        { name: 'Y_65', x: '810', y:'376', size: NODESIZE, color: NODECOLOR},
        { name: 'Y_100', x: '832', y:'330', size: NODESIZE, color: NODECOLOR},
        { name: 'Y_16', x: '736', y:'334', size: NODESIZE, color: NODECOLOR},
        { name: 'Y_72', x: '642', y:'599', size: NODESIZE, color: NODECOLOR},
        { name: 'Y_93', x: '879', y:'838', size: NODESIZE, color: NODECOLOR},
        { name: 'Y_30', x: '821', y:'465', size: NODESIZE, color: NODECOLOR},
        { name: 'Y_96', x: '711', y:'132', size: NODESIZE, color: NODECOLOR},
        { name: 'Y_79', x: '811', y:'219', size: NODESIZE, color: NODECOLOR},
        { name: 'Y_23', x: '866', y:'741', size: NODESIZE, color: NODECOLOR},
        { name: 'Y_37', x: '827', y:'510', size: NODESIZE, color: NODECOLOR},
        { name: 'Y_70', x: '636', y:'220', size: NODESIZE, color: NODECOLOR},
    ],
        edges: [
            { node1: 5, node2: 15},
            { node1: 1, node2: 16},
            { node1: 12, node2: 16},
            { node1: 12, node2: 3},
            { node1: 15, node2: 6},
            { node1: 9, node2: 7},
            { node1: 3, node2: 7},
            { node1: 1, node2: 10},
            { node1: 6, node2: 0},
            { node1: 10, node2: 0},
            { node1: 5, node2: 11},
            { node1: 14, node2: 8},
            { node1: 9, node2: 17},
            { node1: 2, node2: 17},
            { node1: 14, node2: 13},
            { node1: 4, node2: 13},
            { node1: 17, node2: 13},
        ],
    },
    graphR: { nodes: [
        { name: '0', x: '462', y:'430', size: NODESIZE, color: NODECOLOR},
        { name: '1', x: '302', y:'337', size: NODESIZE, color: NODECOLOR},
        { name: '2', x: '321', y:'465', size: NODESIZE, color: NODECOLOR},
        { name: '3',  x: '311', y:'132', size: NODESIZE, color: NODECOLOR},
        { name: '4', x: '472', y:'465', size: NODESIZE, color: NODECOLOR},
        { name: '5', x: '379', y:'219', size: NODESIZE, color: NODECOLOR},
        { name: '6', x: '342', y:'599', size: NODESIZE, color: NODECOLOR},
        { name: '7', x: '442', y:'370', size: NODESIZE, color: NODECOLOR},
        { name: '8', x: '482', y:'500', size: NODESIZE, color: NODECOLOR},
        { name: '9', x: '334', y:'87', size: NODESIZE, color: NODECOLOR},
        { name: '10', x: '310', y:'376', size: NODESIZE, color: NODECOLOR},
        { name: '11', x: '162', y:'334', size: NODESIZE, color: NODECOLOR},
        { name: '12', x: '327', y:'510', size: NODESIZE, color: NODECOLOR},
        { name: '13', x: '452', y:'400', size: NODESIZE, color: NODECOLOR},
        { name: '14', x: '334', y:'554', size: NODESIZE, color: NODECOLOR},
        { name: '15', x: '432', y:'330', size: NODESIZE, color: NODECOLOR},
        { name: '16', x: '492', y:'535', size: NODESIZE, color: NODECOLOR},
        { name: '17', x: '364', y:'47', size: NODESIZE, color: NODECOLOR},
        { name: '18',  x: '236', y:'220', size: NODESIZE, color: NODECOLOR},
        { name: '19',  x: '316', y:'419', size: NODESIZE, color: NODECOLOR},
    ],
        edges: [
            { node1: 0, node2: 4},
            { node1: 0, node2: 13},
            { node1: 1, node2: 10},
            { node1: 1, node2: 18},
            { node1: 2, node2: 12},
            { node1: 2, node2: 19},
            { node1: 3, node2: 5},
            { node1: 3, node2: 9},
            { node1: 3, node2: 18},
            { node1: 4, node2: 8},
            { node1: 5, node2: 15},
            { node1: 6, node2: 14},
            { node1: 7, node2: 13},
            { node1: 7, node2: 15},
            { node1: 8, node2: 16},
            { node1: 9, node2: 17},
            { node1: 10, node2: 19},
            { node1: 11, node2: 18},
            { node1: 12, node2: 14},
        ],
    },
    sim: { graphL : [
        [0.06781681341110322, 0.0430636532723337, 0.04151349434477607, 0.050694842887296414, 0.05478750700350244, 0.05246220233341167, 0.04366087776784966, 0.05980159885838496, 0.054322710712006235, 0.048417716910182, 0.041940692339117375, 0.045876814376635836, 0.042804607714635456, 0.06735403676054953, 0.042425351317359465, 0.05428655374176397, 0.05139942097675184, 0.04805309072467662, 0.04756602076291583, 0.04175199378474738],
        [0.0571195622753261, 0.050061987323881875, 0.05348423740991542, 0.04728486859383119, 0.048988890369382504, 0.04771526398644058, 0.048350124602773485, 0.051054985747222316, 0.04894841477959401, 0.047136179322034566, 0.051617503387757765, 0.04764197536351602, 0.04937829830073406, 0.05669326621180717, 0.04937018761010023, 0.04822540860768739, 0.048522731629830056, 0.04732963087181119, 0.04792752739612129, 0.05314895621023282],
        [0.06178193394464381, 0.0429712891877748, 0.04106344495085165, 0.05075558770662832, 0.055944044824475014, 0.0527813187441955, 0.046774063395970886, 0.05589017310462172, 0.05609857452605623, 0.0506319948618027, 0.04216349471942658, 0.0461935015690037, 0.04454915969579008, 0.06126827935803104, 0.04552731354062775, 0.0532869110430818, 0.05495004547864117, 0.0510057427925831, 0.04533832068133659, 0.041024805874457504],
        [0.0676736760177768, 0.04092173711066552, 0.03750533117922225, 0.05172366250013085, 0.05715018582152223, 0.054002111844609506, 0.044197445051100175, 0.06003090184521887, 0.05697595127867258, 0.05010239258568718, 0.03911651351562809, 0.04555313935481087, 0.04188770846711069, 0.06713977928012067, 0.04230198479830648, 0.05539602750638643, 0.054368484647141176, 0.05001325485920042, 0.04616962174707493, 0.03777009058961423],
        [0.039766556437560135, 0.05393481871313526, 0.056645617861929363, 0.04866480828128965, 0.04784727558021263, 0.04800665314534319, 0.05350747615333308, 0.04287387209133069, 0.048466997252432566, 0.050505684555357845, 0.055446644194224466, 0.05135579643730504, 0.05415191033969546, 0.03972944088056532, 0.054712905842160306, 0.046544187592002344, 0.050537523494777734, 0.05107544206964179, 0.04992329405837906, 0.056303095019324234],
        [0.0517403360859896, 0.054114720416633934, 0.058165444062390846, 0.04660267586231701, 0.044498518481009476, 0.04577304015642103, 0.050429201028100536, 0.04888429925105888, 0.04399202754734477, 0.04641975490962582, 0.055964485062046786, 0.05006507076388303, 0.05258422266617574, 0.051805782246511035, 0.051336084478746324, 0.04656607668072832, 0.045143615850230155, 0.04690808601717295, 0.05113592189747787, 0.05787063653613579],
        [0.06657858742958125, 0.04406870931976877, 0.0432257126479519, 0.050168696333028166, 0.053839214520901395, 0.05175842557406327, 0.04419766881976271, 0.05889410486736021, 0.053336226039045476, 0.04810387191673639, 0.0433259853573244, 0.04613274567927998, 0.04368735605702337, 0.06616426324740579, 0.043172231434062486, 0.053542825888600626, 0.050800280895353496, 0.04785621414094916, 0.047757482688646574, 0.0433893971431542],
        [0.06063260908103487, 0.04483981863446705, 0.04563496369544158, 0.04888836443896177, 0.054123758824689464, 0.05081643950583383, 0.04754969676961128, 0.05386173584932289, 0.05433669702007295, 0.04943570047599041, 0.04538399466873757, 0.045845759028946026, 0.0461321933321875, 0.06007243586259298, 0.046864080419921905, 0.05118500444944833, 0.05412122645357713, 0.05030065956573516, 0.04464728988011489, 0.045327572043312246],
        [0.036628310068925474, 0.05620442197222811, 0.05951692593163167, 0.04843811342276116, 0.04552066582549037, 0.047034609646194186, 0.05433730336766588, 0.041694724323925646, 0.04598350513895368, 0.050049778122659566, 0.057932203698009894, 0.052606942643855605, 0.05576830688998438, 0.03687075261678653, 0.05586602953653409, 0.04565290163871864, 0.04844017024808771, 0.050475883113183434, 0.05178665337051482, 0.05919179842388915],
        [0.060102585535073944, 0.044531771217605244, 0.04467680187665199, 0.04933524545776758, 0.05457813551776632, 0.05127030986075822, 0.04769818756049565, 0.053873888569234814, 0.0548136583071755, 0.049940835987078276, 0.04479517897806973, 0.046041190711268117, 0.0460290124287801, 0.05955729814309958, 0.047011518035674424, 0.05153221283877962, 0.05448486099782443, 0.05066832327734223, 0.04466135773957495, 0.044397626959979314],
        [0.0679504323613555, 0.04281071390080892, 0.04120925548717189, 0.050744274273675255, 0.055072761364904785, 0.052584072012590855, 0.043653253500967715, 0.05979031066657092, 0.05466046215797058, 0.048542662063354725, 0.04167286851064389, 0.045746160910510106, 0.04267217246346892, 0.06745728343232392, 0.042444470679501516, 0.054341133404052014, 0.05172170644672756, 0.048195601436375586, 0.04729595732122977, 0.04143444760579543],
        [0.0513650500800695, 0.05455581932503593, 0.05823980823585593, 0.04726241522447252, 0.04408015416638293, 0.046047680934861654, 0.05009921182206506, 0.04913726954386937, 0.043505885481956864, 0.046375959941719044, 0.05609893804009209, 0.05065547556544304, 0.052588800958883374, 0.05145886677305676, 0.05134393870165671, 0.046900257753686295, 0.043686263398704066, 0.04626698167905109, 0.05228023766596394, 0.058050984707173965],
        [0.06648009302941686, 0.043023124233851025, 0.04247326283463669, 0.050017891414587956, 0.05509687459197464, 0.052041710305632295, 0.044759097447178084, 0.05814632910875195, 0.05495765478231755, 0.04873018843443603, 0.042572742931345574, 0.04532652095577457, 0.043445813227656, 0.06590325862512852, 0.043758278621780784, 0.05335354618037646, 0.05279536331366602, 0.04880039315442829, 0.04586949546702826, 0.04244836134003253],
        [0.039766556437560135, 0.05393481871313526, 0.056645617861929363, 0.04866480828128965, 0.04784727558021263, 0.04800665314534319, 0.05350747615333308, 0.04287387209133069, 0.048466997252432566, 0.050505684555357845, 0.055446644194224466, 0.05135579643730504, 0.05415191033969546, 0.03972944088056532, 0.054712905842160306, 0.046544187592002344, 0.050537523494777734, 0.05107544206964179, 0.04992329405837906, 0.056303095019324234],
        [0.039766556437560135, 0.05393481871313526, 0.056645617861929363, 0.04866480828128965, 0.04784727558021263, 0.04800665314534319, 0.05350747615333308, 0.04287387209133069, 0.048466997252432566, 0.050505684555357845, 0.055446644194224466, 0.05135579643730504, 0.05415191033969546, 0.03972944088056532, 0.054712905842160306, 0.046544187592002344, 0.050537523494777734, 0.05107544206964179, 0.04992329405837906, 0.056303095019324234],
        [0.06666190981549015, 0.04413744255006157, 0.04337762647021476, 0.05011329062759325, 0.053737513191534296, 0.05168904414667848, 0.044177130382284734, 0.05892452983247883, 0.053224512375486935, 0.04801318091824378, 0.04342588099009668, 0.046124592259984075, 0.043705625599821316, 0.06624935819846568, 0.04312852186211204, 0.053503457880615904, 0.05068752149055019, 0.04777977687309526, 0.04780001627830291, 0.04353906825688921],
        [0.06225589612533457, 0.04614325711883678, 0.04789199614259767, 0.04837813022207646, 0.05240208426649914, 0.049853284397140284, 0.04661394053330038, 0.05466056896021908, 0.05236955927358442, 0.047922809804281645, 0.046910246503670004, 0.04602486165320849, 0.046247297628660665, 0.0617246578243876, 0.04645463546995974, 0.050750649894765854, 0.051336813719214176, 0.04831572918902134, 0.046115268538911944, 0.047628312734329936],
        [0.056528938413881506, 0.04583208249256963, 0.04630315917494066, 0.049162763945784255, 0.053787045161050914, 0.050807182714080884, 0.04898533113004422, 0.051775212359458214, 0.0541613662116877, 0.05030041687268004, 0.04633234555506849, 0.04679590816883088, 0.04742505206530576, 0.05604161889061061, 0.048423523645104265, 0.05065100889894265, 0.05450867485430169, 0.05120273744260487, 0.044995464231832774, 0.04598016777121998],
    ],
        graphR : [
            [0.060345788121098136, 0.04241318655817225, 0.06758613714743499, 0.06747066025887337, 0.05549424512977241, 0.047700346173018875, 0.05972091022192129, 0.05083423757486381, 0.056738854933030616, 0.05502634717383041, 0.05899332307813138, 0.04976817693316738, 0.053260450549723434, 0.05549424512977241, 0.05549424512977241, 0.059349200001744894, 0.04698684936013594, 0.05732279652553605],
            [0.04310234083582022, 0.04181234454145847, 0.05287555172640955, 0.0458912255183826, 0.08466025821149853, 0.05611618092612154, 0.044463390385479945, 0.04228577622400579, 0.09792973358099952, 0.04585935057201922, 0.041806470944902835, 0.059457343472268026, 0.038769978878082284, 0.08466025821149853, 0.08466025821149853, 0.04420024586751663, 0.039172788283020975, 0.05227650360901667],
            [0.04069096664419837, 0.04374626420693637, 0.049482386703614226, 0.041189576667000155, 0.08707538689402673, 0.05906857107309859, 0.042710350474722186, 0.042145081536361144, 0.10155546711979944, 0.04505663329730633, 0.03940982768374312, 0.06215886621101827, 0.03748245032756759, 0.08707538689402673, 0.08707538689402673, 0.04254044550072088, 0.039816025555274775, 0.051720926316558474],
            [0.05006084841907465, 0.03896395727404273, 0.06161760690099004, 0.05722809656809308, 0.07536502016699408, 0.04767909234728086, 0.049940110299428804, 0.0454862784420898, 0.08326754196603149, 0.050125608969437484, 0.04889027968357346, 0.050818842352793374, 0.044469621879105393, 0.07536502016699408, 0.07536502016699408, 0.04951250262787742, 0.040520029715134374, 0.055324522054064754],
            [0.052119034362144954, 0.038888292246414755, 0.06542673178398968, 0.06091413426136565, 0.07138260853789792, 0.04385741946348722, 0.051629247351024934, 0.04851133707158243, 0.07538371356062579, 0.05341970202659738, 0.05111551325506111, 0.04565962689343369, 0.04718950464494192, 0.07138260853789792, 0.07138260853789792, 0.051146971020324436, 0.042281426816543774, 0.05830951962876854],
            [0.05114066431701916, 0.03881357318664369, 0.06325380073756305, 0.05898155239120025, 0.07339080567957013, 0.04622876661187092, 0.05086079702094266, 0.0466728749018996, 0.07981628165487013, 0.05142256474456829, 0.050012102534635366, 0.04887671870447453, 0.04567463033113956, 0.07339080567957013, 0.07339080567957013, 0.050413387592462895, 0.0412192299731925, 0.05644063825880677],
            [0.043441803376290944, 0.040143887637888516, 0.05721462094470619, 0.04927176904373762, 0.08349303119193249, 0.05198525414953528, 0.04432992571850354, 0.04457625794677108, 0.09411688940236092, 0.048829829102004174, 0.04237727748530792, 0.05427760904067453, 0.040095934199472, 0.08349303119193249, 0.08349303119193249, 0.04397850056008, 0.03933846888837717, 0.05554287892849259],
            [0.056556634116957986, 0.04029167913605026, 0.06498195252591121, 0.06361085534756782, 0.06358927102863253, 0.047898603851864674, 0.05614677839993533, 0.04799451181770513, 0.06864453493061923, 0.05242241542652441, 0.05516995394740347, 0.050600663522693295, 0.04951042961967742, 0.06358927102863253, 0.06358927102863253, 0.055756360674789784, 0.04384611912063222, 0.05580069447577],
            [0.05161002957695966, 0.03880589945185846, 0.06552258800020265, 0.06064986906089349, 0.07221362852001481, 0.04330213946736661, 0.051080744056770294, 0.04863919552339587, 0.07605168628877018, 0.053580826361070394, 0.050667214133989044, 0.045006487410606116, 0.047009377425469824, 0.07221362852001481, 0.07221362852001481, 0.05059317087316454, 0.04220052419191315, 0.05863936261752534],
            [0.04778855049410854, 0.038822220874761844, 0.06143715999059251, 0.05540687094790635, 0.07817721439351316, 0.04746845484568779, 0.0478610081839169, 0.045972774686558804, 0.08599551626762862, 0.05071580266083786, 0.046745971713116355, 0.04984101697892774, 0.04330332802721462, 0.07817721439351316, 0.07817721439351316, 0.047414105693896695, 0.040118813125671456, 0.056576762328634365],
            [0.04156629810828771, 0.04268833296633115, 0.0513722863825339, 0.04343616751536886, 0.08617898956804257, 0.05746467645307872, 0.04328490398606426, 0.042378828327296024, 0.0999493334657455, 0.04567777838731108, 0.04029583876329975, 0.06053894172121118, 0.0379875266797924, 0.08617898956804257, 0.08617898956804257, 0.04306078310351762, 0.03943299098645346, 0.052328344449580684],
            [0.04612064754878425, 0.039966705541328015, 0.057091252237396424, 0.0513104782979886, 0.08096773497002102, 0.052145841259234854, 0.046751301255714396, 0.04342519560401995, 0.09206600664164531, 0.04762298725104422, 0.044870183728446145, 0.0554501814805935, 0.04102590423426819, 0.08096773497002102, 0.08096773497002102, 0.046394042503171355, 0.03924468850471131, 0.05361137900159047],
            [0.04272256716559269, 0.04112532913162917, 0.054662926469123393, 0.04684238832029167, 0.08476195805911621, 0.05437571482715411, 0.043954651327932165, 0.043382182448941, 0.0968965646933568, 0.04726791232443449, 0.04155397988847371, 0.05715240637402429, 0.03904077082839482, 0.08476195805911621, 0.08476195805911621, 0.04364471824331759, 0.03915069106297425, 0.05394132271701137],
            [0.06023179964977284, 0.04230582182354064, 0.06735726365423261, 0.06727097573317056, 0.05571793877818474, 0.04799800059025384, 0.059644162954446286, 0.05061484666058455, 0.05739820527883382, 0.054798054722397585, 0.0588561851732596, 0.05010682214161072, 0.05306067031050826, 0.05571793877818474, 0.05571793877818474, 0.05927498031259822, 0.04681738503926731, 0.0571110096209689],
            [0.042200066383947396, 0.040978769385201584, 0.055673208814429935, 0.047144826250363724, 0.08534888396773715, 0.052904562686934956, 0.04328868971852766, 0.043920599512103635, 0.09673632710517167, 0.048112719588886466, 0.04119171371499392, 0.055609795773379704, 0.0391878601168056, 0.08534888396773715, 0.08534888396773715, 0.04292198454641594, 0.03919250253332959, 0.05488972196629677],
            [0.05268247294817962, 0.039053165718312355, 0.0635742094213518, 0.06023350153129135, 0.07083692713429054, 0.0468194416876007, 0.05237902697391633, 0.0468012118889909, 0.0771252113200422, 0.051454174694938785, 0.051452161549009036, 0.04955911496410918, 0.046616622442475726, 0.07083692713429054, 0.07083692713429054, 0.05194972640023028, 0.04177358426565351, 0.056015592791026476],
            [0.048978580292620505, 0.038583325376687815, 0.06437282433433751, 0.058047136711206884, 0.07552353345126524, 0.04456839643031172, 0.048797361117937525, 0.048591025922167644, 0.08035404190411638, 0.05341850843333947, 0.04808635546978918, 0.0453280772973076, 0.04529469939014278, 0.07552353345126524, 0.07552353345126524, 0.048325522082314526, 0.041491881385231646, 0.059191663498693065],
            [0.04714331444969211, 0.03874702398487189, 0.06151831125041757, 0.05497554122365171, 0.07858348762026512, 0.04767922640213487, 0.047328134082674764, 0.046495715937977675, 0.08620586480244638, 0.05114500949393847, 0.04613252676530032, 0.04942473925442926, 0.043104810520899574, 0.07858348762026512, 0.07858348762026512, 0.04689974019178145, 0.04020439919912248, 0.05724517957986611],
            [0.0479601523898283, 0.0403250769820925, 0.056199921028333086, 0.05215856778381063, 0.07894185827284177, 0.05341860276633311, 0.048540854520067275, 0.042414984093959815, 0.09089828307623737, 0.04633227223006588, 0.046527402259702304, 0.05739786236712188, 0.04164005836489482, 0.07894185827284177, 0.07894185827284177, 0.04822134403182159, 0.03943798586324214, 0.05170105742396418],
            [0.04105049922995694, 0.043605614548957734, 0.04958773831679323, 0.041607810060400964, 0.08681482048901189, 0.05894977940627618, 0.04300382612111538, 0.04198983362879648, 0.10131106011226343, 0.0449126753765733, 0.03974695187153571, 0.06214772666139968, 0.0375755881047898, 0.08681482048901189, 0.08681482048901189, 0.04282998160648133, 0.03971848478186542, 0.05151796870575883],
        ]
    }
}