const NODECOLOR = "#2e5e2c"
const NODEBORDER = "#33a12d"
const NODESIZE = 10

export default {
	graphL: { nodes: [
		{ name: 'q.l6-i5', x: '69.6834366949', y:'60.5319528648', size: NODESIZE, color: NODECOLOR},
		{ name: 'q.l6-i4', x: '148.333858808', y:'140.855005279', size: NODESIZE, color: NODECOLOR},
		{ name: 'q.l6-i1', x: '421.864947293', y:'420.203220455', size: NODESIZE, color: NODECOLOR},
		{ name: 'q.l6-i0', x: '500.0', y:'500.0', size: NODESIZE, color: NODECOLOR},
		{ name: 'q.l6-i3', x: '239.723751072', y:'234.18846877', size: NODESIZE, color: NODECOLOR},
		{ name: 'q.l6-i2', x: '331.461856114', y:'327.877513093', size: NODESIZE, color: NODECOLOR},
	],
 edges: [
		{ node1: 1, node2: 0},
		{ node1: 1, node2: 4},
		{ node1: 3, node2: 2},
		{ node1: 2, node2: 5},
		{ node1: 5, node2: 4},
	],
	},
	graphR: { nodes: [
		{ name: 'c12-i10', x: '62.1080111723', y:'29.551747233', size: NODESIZE, color: NODECOLOR},
		{ name: 'c12-i11', x: '86.8348617096', y:'21.6459949339', size: NODESIZE, color: NODECOLOR},
		{ name: 'ubt3-d2-i1', x: '18.6510066117', y:'263.060745993', size: NODESIZE, color: NODECOLOR},
		{ name: 'ubt3-d2-i0', x: '51.4957575127', y:'269.176287927', size: NODESIZE, color: NODECOLOR},
		{ name: 't3-d3-i6', x: '469.945146246', y:'417.360209155', size: NODESIZE, color: NODECOLOR},
		{ name: 't3-d0-i0', x: '380.477908818', y:'411.14827039', size: NODESIZE, color: NODECOLOR},
		{ name: 'ubt3-d0-i0', x: '36.8472718407', y:'229.355865409', size: NODESIZE, color: NODECOLOR},
		{ name: 'l4-i3', x: '137.257288607', y:'355.225294113', size: NODESIZE, color: NODECOLOR},
		{ name: 'l4-i2', x: '153.411522266', y:'363.546173303', size: NODESIZE, color: NODECOLOR},
		{ name: 'l4-i1', x: '172.784739124', y:'366.983456284', size: NODESIZE, color: NODECOLOR},
		{ name: 'l4-i0', x: '190.323895072', y:'370.04173521', size: NODESIZE, color: NODECOLOR},
		{ name: 't3-d3-i3', x: '339.253564036', y:'499.701256409', size: NODESIZE, color: NODECOLOR},
		{ name: 't3-d3-i2', x: '359.069350878', y:'500.0', size: NODESIZE, color: NODECOLOR},
		{ name: 't3-d3-i1', x: '299.75681226', y:'453.058495386', size: NODESIZE, color: NODECOLOR},
		{ name: 't3-d3-i0', x: '297.469017619', y:'428.759451868', size: NODESIZE, color: NODECOLOR},
		{ name: 't3-d3-i7', x: '460.734756953', y:'437.106407266', size: NODESIZE, color: NODECOLOR},
		{ name: 'c12-i8', x: '32.6433498712', y:'75.6255880135', size: NODESIZE, color: NODECOLOR},
		{ name: 't3-d3-i5', x: '437.154662313', y:'338.594185563', size: NODESIZE, color: NODECOLOR},
		{ name: 't3-d3-i4', x: '452.665336772', y:'353.113943767', size: NODESIZE, color: NODECOLOR},
		{ name: 'l6-i5', x: '312.177549585', y:'228.038934622', size: NODESIZE, color: NODECOLOR},
		{ name: 'l6-i4', x: '299.843663781', y:'244.889553764', size: NODESIZE, color: NODECOLOR},
		{ name: 'c12-i9', x: '42.4942346257', y:'48.375485397', size: NODESIZE, color: NODECOLOR},
		{ name: 'l6-i1', x: '273.284133006', y:'315.783038672', size: NODESIZE, color: NODECOLOR},
		{ name: 'l6-i0', x: '272.06714239', y:'337.508941961', size: NODESIZE, color: NODECOLOR},
		{ name: 'l6-i3', x: '289.735390162', y:'267.597804253', size: NODESIZE, color: NODECOLOR},
		{ name: 'l6-i2', x: '280.53034003', y:'291.797838991', size: NODESIZE, color: NODECOLOR},
		{ name: 'ubt3-d1-i0', x: '38.8598447677', y:'256.057126609', size: NODESIZE, color: NODECOLOR},
		{ name: 'ubt3-d1-i1', x: '28.8486508812', y:'208.834873441', size: NODESIZE, color: NODECOLOR},
		{ name: 't3-d1-i1', x: '416.00221751', y:'394.417503679', size: NODESIZE, color: NODECOLOR},
		{ name: 't3-d1-i0', x: '348.978770847', y:'436.194071872', size: NODESIZE, color: NODECOLOR},
		{ name: 'c12-i6', x: '53.9404692894', y:'128.170324368', size: NODESIZE, color: NODECOLOR},
		{ name: 'c12-i7', x: '37.082861409', y:'104.925893926', size: NODESIZE, color: NODECOLOR},
		{ name: 'c12-i4', x: '104.824963685', y:'134.058322161', size: NODESIZE, color: NODECOLOR},
		{ name: 'c12-i5', x: '78.7190776133', y:'139.791411112', size: NODESIZE, color: NODECOLOR},
		{ name: 'c12-i2', x: '131.62807412', y:'82.3264041714', size: NODESIZE, color: NODECOLOR},
		{ name: 'c12-i3', x: '123.745656392', y:'112.428957989', size: NODESIZE, color: NODECOLOR},
		{ name: 'c12-i0', x: '111.037837799', y:'28.7324492108', size: NODESIZE, color: NODECOLOR},
		{ name: 'c12-i1', x: '127.45046499', y:'51.7532332334', size: NODESIZE, color: NODECOLOR},
		{ name: 'c6-i4', x: '500.0', y:'181.230601942', size: NODESIZE, color: NODECOLOR},
		{ name: 'c6-i5', x: '497.90733219', y:'159.279537014', size: NODESIZE, color: NODECOLOR},
		{ name: 'c6-i2', x: '466.81620364', y:'174.832522051', size: NODESIZE, color: NODECOLOR},
		{ name: 'c6-i3', x: '482.738269569', y:'188.920067459', size: NODESIZE, color: NODECOLOR},
		{ name: 'c6-i0', x: '484.15276191', y:'143.001636264', size: NODESIZE, color: NODECOLOR},
		{ name: 'c6-i1', x: '467.924993549', y:'151.300886776', size: NODESIZE, color: NODECOLOR},
		{ name: 'c4-i0', x: '266.48536363', y:'40.103598309', size: NODESIZE, color: NODECOLOR},
		{ name: 'c4-i1', x: '280.849520923', y:'37.0220744702', size: NODESIZE, color: NODECOLOR},
		{ name: 'c4-i2', x: '273.340155656', y:'22.0108742552', size: NODESIZE, color: NODECOLOR},
		{ name: 'c4-i3', x: '257.747894234', y:'27.0035460758', size: NODESIZE, color: NODECOLOR},
		{ name: 'l12-i11', x: '399.860780929', y:'67.8137504711', size: NODESIZE, color: NODECOLOR},
		{ name: 'l12-i10', x: '382.137738987', y:'79.6241718459', size: NODESIZE, color: NODECOLOR},
		{ name: 'l12-i3', x: '216.435399821', y:'203.990600789', size: NODESIZE, color: NODECOLOR},
		{ name: 'l12-i2', x: '193.929767292', y:'221.814620121', size: NODESIZE, color: NODECOLOR},
		{ name: 'l12-i1', x: '173.68331677', y:'238.450222379', size: NODESIZE, color: NODECOLOR},
		{ name: 'l12-i0', x: '157.361151437', y:'252.424308141', size: NODESIZE, color: NODECOLOR},
		{ name: 'l12-i7', x: '313.161069387', y:'128.425087627', size: NODESIZE, color: NODECOLOR},
		{ name: 'l12-i6', x: '288.795876789', y:'147.137914599', size: NODESIZE, color: NODECOLOR},
		{ name: 'l12-i5', x: '264.242125', y:'166.246796898', size: NODESIZE, color: NODECOLOR},
		{ name: 'l12-i4', x: '240.073006705', y:'185.287263422', size: NODESIZE, color: NODECOLOR},
		{ name: 'ubt3-d3-i0', x: '51.3390567288', y:'292.162729857', size: NODESIZE, color: NODECOLOR},
		{ name: 'l12-i9', x: '360.881084793', y:'94.1708192824', size: NODESIZE, color: NODECOLOR},
		{ name: 'l12-i8', x: '337.46335587', y:'110.707224585', size: NODESIZE, color: NODECOLOR},
		{ name: 't3-d2-i0', x: '317.310555285', y:'436.712248129', size: NODESIZE, color: NODECOLOR},
		{ name: 't3-d2-i1', x: '348.444133526', y:'474.643968118', size: NODESIZE, color: NODECOLOR},
		{ name: 't3-d2-i2', x: '431.418930684', y:'361.985742389', size: NODESIZE, color: NODECOLOR},
		{ name: 't3-d2-i3', x: '446.161730766', y:'414.184626252', size: NODESIZE, color: NODECOLOR},
	],
 edges: [
		{ node1: 0, node2: 1},
		{ node1: 0, node2: 21},
		{ node1: 1, node2: 36},
		{ node1: 2, node2: 26},
		{ node1: 3, node2: 58},
		{ node1: 3, node2: 26},
		{ node1: 4, node2: 64},
		{ node1: 5, node2: 28},
		{ node1: 5, node2: 29},
		{ node1: 6, node2: 26},
		{ node1: 6, node2: 27},
		{ node1: 7, node2: 8},
		{ node1: 8, node2: 9},
		{ node1: 9, node2: 10},
		{ node1: 11, node2: 62},
		{ node1: 12, node2: 62},
		{ node1: 13, node2: 61},
		{ node1: 14, node2: 61},
		{ node1: 15, node2: 64},
		{ node1: 16, node2: 31},
		{ node1: 16, node2: 21},
		{ node1: 17, node2: 63},
		{ node1: 18, node2: 63},
		{ node1: 19, node2: 20},
		{ node1: 20, node2: 24},
		{ node1: 22, node2: 23},
		{ node1: 22, node2: 25},
		{ node1: 24, node2: 25},
		{ node1: 28, node2: 63},
		{ node1: 28, node2: 64},
		{ node1: 29, node2: 61},
		{ node1: 29, node2: 62},
		{ node1: 30, node2: 31},
		{ node1: 30, node2: 33},
		{ node1: 32, node2: 33},
		{ node1: 32, node2: 35},
		{ node1: 34, node2: 35},
		{ node1: 34, node2: 37},
		{ node1: 36, node2: 37},
		{ node1: 38, node2: 39},
		{ node1: 38, node2: 41},
		{ node1: 39, node2: 42},
		{ node1: 40, node2: 41},
		{ node1: 40, node2: 43},
		{ node1: 42, node2: 43},
		{ node1: 44, node2: 45},
		{ node1: 44, node2: 47},
		{ node1: 45, node2: 46},
		{ node1: 46, node2: 47},
		{ node1: 48, node2: 49},
		{ node1: 49, node2: 59},
		{ node1: 50, node2: 51},
		{ node1: 50, node2: 57},
		{ node1: 51, node2: 52},
		{ node1: 52, node2: 53},
		{ node1: 54, node2: 60},
		{ node1: 54, node2: 55},
		{ node1: 55, node2: 56},
		{ node1: 56, node2: 57},
		{ node1: 59, node2: 60},
	],
	},
sim: { graphL : [
[0.015379228679145174, 0.01560721173962107, 0.015693806982248516, 0.015155096605781591, 0.015570286815557013, 0.015638085430381494, 0.015393039619865883, 0.015072080135120408, 0.014981528794679197, 0.015050633117999819, 0.015830232506802263, 0.015496121147841921, 0.014868526181476941, 0.014594790866221681, 0.015527715769643796, 0.015996184670605651, 0.015478534256253364, 0.015568530038398755, 0.015512644081861076, 0.019630436563660664, 0.014330719286901375, 0.014838712819697873, 0.015768141143654203, 0.015109995024259715, 0.014203657033976436, 0.015996985833008081, 0.014667244203855938, 0.014751571615937998, 0.015174244161009874, 0.015333719169318964, 0.014328662593636535, 0.016092849827438603, 0.014247898536659233, 0.016617431730724472, 0.015194281936002883, 0.014655449695925485, 0.015240020332459624, 0.015430710205100919, 0.014895485377109665, 0.014728360357126756, 0.015104452344446377, 0.016726159302597205, 0.015082366219791501, 0.015310797962830322, 0.014720056535447988, 0.014648789462778882, 0.014400954946025881, 0.015211191064684838, 0.016170687143171453, 0.014803820156386179, 0.016276228306055757, 0.015192427545890267, 0.016397059092887259, 0.015200595725355141, 0.014634013416830374, 0.015854851662369111, 0.016753445537435883, 0.015510613664720792, 0.01629718090597566, 0.016850442290052461, 0.013402990172258017, 0.015309370710366111, 0.015298868838611852, 0.016326724776488801, 0.014865057329570934],
[0.015776851727547034, 0.014138648913959809, 0.016372337279108438, 0.01587422175101464, 0.015851130183763665, 0.016175885147451521, 0.014905292044540077, 0.013707244489144276, 0.014620721330963293, 0.015754778618158858, 0.016446779108483977, 0.015353574904354645, 0.015485743661422677, 0.015156829617375423, 0.014552279679774955, 0.01534383521980047, 0.014999261823152124, 0.014908915048153689, 0.015488293892398952, 0.014192614580108637, 0.019441258642332194, 0.015511574940105679, 0.015496811988149232, 0.01483618414964172, 0.014103069400573726, 0.016559418700614715, 0.015376475309558761, 0.015599711349212569, 0.015551312833032674, 0.015489693329486966, 0.015678080287190838, 0.015491239645031287, 0.015122816451106682, 0.014204340786799097, 0.015638044025573623, 0.015206229658237373, 0.016065310541638175, 0.01596711161780923, 0.013710045980852487, 0.0144052082113137, 0.015442387269246724, 0.01632571837182686, 0.015899267446540771, 0.015008097066701441, 0.015369243241713975, 0.015978950852128065, 0.015358584356623555, 0.015707552223530635, 0.015423832072854278, 0.01590468651648641, 0.015511516238586097, 0.016016989076007151, 0.014302615820258879, 0.015726988478887288, 0.016188052944348871, 0.015251631565338125, 0.014336914329166285, 0.014957492183696906, 0.015437848134093955, 0.014804581474081559, 0.015527212490443353, 0.013917278978005576, 0.015204804179058491, 0.01493102795078491, 0.01690754987065194],
[0.014827021702292628, 0.015755410147526263, 0.015096575015140347, 0.014792256623609428, 0.015943441495066595, 0.016600066805024731, 0.014724544047064898, 0.013929972445844936, 0.015843665837167297, 0.015837049171086061, 0.015339725730029209, 0.0147271777740236, 0.01606370525550338, 0.01450253232280552, 0.015370159136777634, 0.015126564249876004, 0.015844755635058338, 0.016472470944982123, 0.016291632155168389, 0.015725143112944411, 0.015604938158343618, 0.015689680519400805, 0.019576906467340425, 0.014919583528143186, 0.014779252161203807, 0.015240150345821185, 0.01579576228030968, 0.015271193498637635, 0.016217786136783752, 0.016110992703367685, 0.015220821029077243, 0.015214106157617749, 0.015237996771545723, 0.015995467136767694, 0.014836163427566077, 0.014749194642805698, 0.01518542574616511, 0.015446540689546012, 0.014948164829999411, 0.015717226573769824, 0.015614783875438243, 0.01624766007663727, 0.015407145553710195, 0.015294819941006659, 0.015007548694867362, 0.015037361649955621, 0.014347965953782507, 0.015022490185512941, 0.01546072954110865, 0.014050172250877518, 0.014403048098207966, 0.015530806335154891, 0.014543503542249302, 0.015606905692239346, 0.015251042111628354, 0.016250639819642601, 0.015030105728066973, 0.01480641223080496, 0.015702881791970984, 0.016069537133932339, 0.015100384099332807, 0.014791750821282911, 0.01545421444485366, 0.01550152671621579, 0.013895341300315984],
[0.014817069433334142, 0.015140570553824277, 0.014325855103360489, 0.016064445551916297, 0.01479780177247878, 0.016279012864381916, 0.014580236659505317, 0.014540917202766734, 0.015336085623916659, 0.01484405841579424, 0.016225556594118926, 0.016398471410011078, 0.016024643028523168, 0.015255117867302888, 0.013820892438296409, 0.015271832669336013, 0.014673308208380406, 0.016319534109600277, 0.016192096934909233, 0.01569376358357567, 0.015559318819525225, 0.013796549405419979, 0.015538367077618643, 0.020388850557385516, 0.015635234101816539, 0.015061797017517487, 0.016467921818301229, 0.015257218613966211, 0.015245651488873725, 0.015622600378516007, 0.016253329737847339, 0.01548714323292286, 0.015000730366462458, 0.015251698745694745, 0.01686679178439222, 0.014387903692121727, 0.014800107895340552, 0.014506176077467786, 0.014316919974048568, 0.013658678761672986, 0.015564984488446638, 0.016318818268984684, 0.014157829481453041, 0.015577461893264, 0.016671802070978098, 0.016063297343460011, 0.014869885392316269, 0.016760911249371759, 0.014579390002230326, 0.014588684771088895, 0.016805325270054499, 0.014106332025009155, 0.013363420802028616, 0.015049491892431845, 0.01516736181428471, 0.014953379380871722, 0.015852025891419094, 0.014258846541290724, 0.015321100113192375, 0.016264065387060236, 0.016107780234866271, 0.01509029312939587, 0.016375505058136564, 0.01473578800385769, 0.015691959922262542],
[0.01487161917985045, 0.014988761969213815, 0.015045821047939539, 0.016038421005779652, 0.014321610653345491, 0.015429076011066417, 0.016175248549614978, 0.016921970192281786, 0.01502297692340283, 0.01555928370502988, 0.016515060286991273, 0.015928624744842797, 0.014857469947121938, 0.015047756068353953, 0.014141327484286648, 0.015096542269292619, 0.015888312937962341, 0.016558282823492525, 0.01442328091017658, 0.015075604536571011, 0.015114499911482178, 0.016064351327339087, 0.015729427302897912, 0.015977769916452722, 0.020835528329505221, 0.015704935732804935, 0.015651272720017064, 0.015487656729594936, 0.016194861529233877, 0.015781536502556058, 0.015327915814261165, 0.014899023049042068, 0.015618101093345431, 0.015383340336976008, 0.015394571520187582, 0.016132931768575564, 0.014208018045593369, 0.01529379223286482, 0.015146884919472045, 0.014749321018000206, 0.015838231270860481, 0.017072695174486074, 0.014633232917871997, 0.015519111228327682, 0.015241074672470817, 0.014532717931330486, 0.014442805294337061, 0.014713450002118048, 0.014420284389580313, 0.014684679613944575, 0.015662614556614995, 0.015855659197724373, 0.011816589094955603, 0.014783622423671774, 0.01585698292176034, 0.015542429106190357, 0.015604883375188287, 0.013821777428181642, 0.015270677100694477, 0.014886197886073441, 0.015317289460392586, 0.016376736203330734, 0.015440311012638581, 0.014819594092845128, 0.015243562597591371],
[0.014942572230116948, 0.015756129719697202, 0.015319377218102562, 0.015740293858358369, 0.015237325702366097, 0.016051261902058741, 0.015466816259632032, 0.014039020469279507, 0.014651890883070912, 0.014993807053703704, 0.016532205264805925, 0.015710768466974979, 0.014650136993081661, 0.014838146982053099, 0.014504951854684422, 0.015712377756076701, 0.015605793589867164, 0.015357361495993789, 0.014867030302972989, 0.015641786216587447, 0.016349288330793604, 0.014986707818597534, 0.014942502226753264, 0.014179541614842348, 0.01446804296744485, 0.01919455922961975, 0.014940534239364331, 0.015202609565851838, 0.015111896571906522, 0.015225386118519877, 0.014664130213703172, 0.015295349990029593, 0.015246340898065994, 0.01551984589765905, 0.015557030632826886, 0.014952046337477399, 0.016406717680848015, 0.016180138055056349, 0.015041884484470192, 0.016242023701604671, 0.015775847109506119, 0.016814902582116976, 0.014504307250922995, 0.015236150088110403, 0.01479611256880245, 0.015600521980534359, 0.014973011600323983, 0.015410823579033032, 0.016657092238874582, 0.015863507495572682, 0.015432632414733704, 0.016159685410362206, 0.015731333912412122, 0.016246058903405063, 0.015041896379069821, 0.015750391320834459, 0.015185578693349038, 0.014559706635335642, 0.015103393876139782, 0.015288352752219904, 0.014773229011514875, 0.01419992984725999, 0.015348511744015846, 0.015147656555616744, 0.015073735255013666],
],
graphR : [
[0.17138220144705879, 0.17752400471739274, 0.16568034028333342, 0.15897568093813122, 0.15614024589729184, 0.17029752671679205],
[0.17246476624596346, 0.15775696846297058, 0.17457846361467397, 0.16108478375362068, 0.15605089547774936, 0.17806412244502182],
[0.17246105759413455, 0.18166823668072132, 0.16635162958872918, 0.15157253276757041, 0.15577726364414762, 0.17216927972469681],
[0.16349969552385782, 0.17292439378968255, 0.16002158356085522, 0.16686344107449461, 0.16302165177558409, 0.17366923427552572],
[0.17131540455316704, 0.17610253848304769, 0.17590078114898638, 0.15675962800144519, 0.14846261537438749, 0.17145903243896621],
[0.16419187208544944, 0.17149114812341837, 0.17476875853411933, 0.16456343918572749, 0.15262772558001042, 0.17235705649127508],
[0.17045836684064725, 0.16666331108351867, 0.16350147827073683, 0.15545178906790991, 0.16876031967420602, 0.17516473506298133],
[0.1728809282044256, 0.1587558107504688, 0.16021753313167927, 0.16058423532702443, 0.18287328127770655, 0.16468821130869529],
[0.1673244248822004, 0.1648836478717689, 0.17743724010675474, 0.16491302103927788, 0.15808281045988637, 0.16735885564011188],
[0.1651653859223218, 0.17457504075631949, 0.17427071957567908, 0.15683902625653168, 0.16087157268728905, 0.16827825480185879],
[0.16505607375113776, 0.17315325345439386, 0.16037907462985088, 0.16288497873911628, 0.16223696772291796, 0.17628965170258321],
[0.16729068767931873, 0.16736469694614209, 0.1594241774136228, 0.17044699374366856, 0.16201397781529858, 0.1734594664019492],
[0.16335070854507558, 0.1717871784803951, 0.17696391582162671, 0.16950350376477991, 0.15378833738506403, 0.16460635600305867],
[0.16494741382959327, 0.17296633495449848, 0.16435289892139551, 0.16599706809203257, 0.16023036338648214, 0.17150592081599803],
[0.17827799801187666, 0.16870454716602423, 0.17695157472389325, 0.15277893493569047, 0.15296983423673691, 0.17031711092577853],
[0.17452875784427566, 0.16904023753572511, 0.16549191329388441, 0.16042755355275304, 0.15518634922774024, 0.17532518854562146],
[0.16903708864814113, 0.16539700366857332, 0.17350964025612256, 0.15428276969544097, 0.16347652496532689, 0.17429697276639528],
[0.16534262793063537, 0.15987805164742139, 0.17542111589601111, 0.16687151110791745, 0.16568300543783029, 0.16680368798018441],
[0.16885186786919548, 0.17022729646798432, 0.17781587402152366, 0.16969160267583419, 0.14791408918466775, 0.16549926978079446],
[0.20654934778015924, 0.15078629109092262, 0.1659106896764769, 0.15898574680706451, 0.14944935569552206, 0.1683185689498547],
[0.14998109424863074, 0.20544637693707546, 0.1637632591393974, 0.15678204468090501, 0.14903482152801739, 0.17499240346597386],
[0.16491231697762374, 0.17406775934610977, 0.17484646494728115, 0.14762658025255534, 0.16820755489933317, 0.17033932357709686],
[0.1640668094213, 0.16281266227387278, 0.20425382200762368, 0.15566207886159592, 0.15419794467406531, 0.15900668276154234],
[0.16034114741371228, 0.15896754269379823, 0.15875348146369708, 0.2083102421804835, 0.15974315928850497, 0.15388442695980406],
[0.15314858504575299, 0.15354371159726335, 0.15979057617060377, 0.162313414958277, 0.21166193863760058, 0.15954177359050228],
[0.16504001362234116, 0.17250502797233871, 0.15766171055579423, 0.14961154109052205, 0.15265558391940867, 0.20252612283959529],
[0.15957661611926605, 0.16892078997119964, 0.17232457254176792, 0.17250303502272299, 0.16043378447973788, 0.16624120186530547],
[0.16273927293835877, 0.17377056842479394, 0.16893239980052535, 0.16205657790730535, 0.16097752070032528, 0.17152366022869131],
[0.16399126576822809, 0.16970173714095857, 0.17574829134557768, 0.15863421113993431, 0.16489835751864415, 0.16702613708665728],
[0.16557205152953908, 0.16888377358133511, 0.17444065872533535, 0.16241646882437569, 0.16055145647433311, 0.16813559086508176],
[0.1583120320316227, 0.17490681491932916, 0.16862898997046932, 0.17289714768865377, 0.15955734983051387, 0.16569766555941118],
[0.17572149003842599, 0.17079835004394056, 0.16658053516702129, 0.1628172626439443, 0.153276350471069, 0.1708060116355988],
[0.15910975418002932, 0.17052350553425696, 0.17063171678867975, 0.16128560633098984, 0.16432349421181741, 0.17412592295422666],
[0.18052724435478898, 0.15581365419366086, 0.17424553961452574, 0.1595270313664014, 0.1574544498064771, 0.17243208066414592],
[0.16423570225296175, 0.17067715797130975, 0.16080327588601281, 0.17553231892966997, 0.1567763096581008, 0.17197523530194495],
[0.16440327644567521, 0.17224175607643244, 0.16590730873963835, 0.15539822607666973, 0.17051007956142566, 0.1715393531001585],
[0.16728207632315101, 0.17805680192861506, 0.16713858788480646, 0.15641052032990072, 0.14693417017870378, 0.18417784335482301],
[0.16778832095983956, 0.17531042969117208, 0.16841971881086726, 0.15186789489685473, 0.1566810378455088, 0.1799325977957576],
[0.17088519869251728, 0.1588160095101592, 0.17195846449645649, 0.1581381307675937, 0.16371880072006328, 0.17648339581321018],
[0.16606252870863455, 0.16399944006136941, 0.17769657264553801, 0.14827336770642191, 0.15668041533552562, 0.1872876755425103],
[0.16347365843228243, 0.16875739711000642, 0.16945901134585326, 0.16219173002368903, 0.16150088984431832, 0.17461731324385063],
[0.16981457471255143, 0.16736190608686671, 0.1654075959550928, 0.15951614825216279, 0.1633075486909511, 0.17459222630237523],
[0.16977503615386755, 0.18071202170605269, 0.17390514361189413, 0.15343987728590816, 0.15519226648458548, 0.16697565475769208],
[0.16824452538668389, 0.16652303803151505, 0.16852850816969098, 0.16480752163746168, 0.16067022508489637, 0.17122618168975209],
[0.16206026585993485, 0.17085399297799139, 0.16567719089058164, 0.17672045867444944, 0.15809134725893956, 0.16659674433810326],
[0.16102092848620053, 0.17735132206237561, 0.16574411846957771, 0.17000140209174816, 0.15050567446195254, 0.17537655442814543],
[0.16451948008805412, 0.17716698891960106, 0.16436232134180573, 0.16355765428177613, 0.15545440535562458, 0.17493915001313848],
[0.16552645391824977, 0.17259105443948808, 0.16392002471508654, 0.17560587104295661, 0.15084959489959929, 0.1715070009846196],
[0.17594759506089264, 0.16945435252259347, 0.16868277437151205, 0.15273248896942901, 0.14782712350594068, 0.18535566556963212],
[0.16622865591122857, 0.18032784235465921, 0.15819750638178706, 0.15771952064631711, 0.15535384594149837, 0.18217262876450954],
[0.17482311754890589, 0.16823057112464651, 0.15512628450221441, 0.17379177770435916, 0.15850201533461439, 0.16952623378525966],
[0.16516129403150934, 0.17581971122333229, 0.16930157541471436, 0.14764964944317768, 0.16240180288073747, 0.17966596700652882],
[0.191755681930288, 0.16888976557727794, 0.17054430155788394, 0.15046557154827264, 0.13019666325918061, 0.18814801612709681],
[0.16564981744148274, 0.17305394398117505, 0.17054266730996584, 0.15790264527546108, 0.15178772633280024, 0.18106319965911508],
[0.16046274728108792, 0.17923010973834558, 0.16768576133299409, 0.16012459226218437, 0.16381617216021707, 0.16868061722517103],
[0.17103647569332017, 0.16613014393755615, 0.17578544500737153, 0.15531132443032661, 0.15796864453568599, 0.17376796639573952],
[0.1825069928374716, 0.15770179666698075, 0.16418115208883549, 0.16626366880464485, 0.16016268434444109, 0.16918370525762624],
[0.17807477707810296, 0.17339548836093005, 0.17045476936321294, 0.15761409006540122, 0.14950742602475642, 0.17095344910759636],
[0.17672819410088558, 0.16903852618181917, 0.17074917215204255, 0.15996336042238907, 0.15601885555643855, 0.16750189158642523],
[0.18073595441184037, 0.16033744783861986, 0.17283134583146631, 0.16795756863027408, 0.15043277975002659, 0.16770490353777284],
[0.15013714368596023, 0.17562467213719432, 0.16961346899928731, 0.17372381630545866, 0.16165673771414121, 0.16924416115795837],
[0.1726455290109746, 0.15847395965447034, 0.16726438220802209, 0.16384488500515562, 0.17400061792399441, 0.16377062619738303],
[0.16600551759653118, 0.16659026270234575, 0.16814967343722348, 0.17107837667074682, 0.15785003643192552, 0.1703261331612273],
[0.18022915640561518, 0.16642603501528699, 0.1715877752548389, 0.15661615528058762, 0.15413019478908244, 0.17101068325458879],
[0.1637902629476333, 0.18810820910411497, 0.15352411490193418, 0.16646996847024281, 0.15824624401904408, 0.16986120055703074],
]
},
alignments: [
{ score: 0.1875,
alignment: [
{ nodeIdR: 3, nodeIdL: 1},
{ nodeIdR: 2, nodeIdL: 0},
{ nodeIdR: 6, nodeIdL: 1},
{ nodeIdR: 26, nodeIdL: 1},
{ nodeIdR: 2, nodeIdL: 1},
{ nodeIdR: 3, nodeIdL: 0},
{ nodeIdR: 58, nodeIdL: 1},
{ nodeIdR: 6, nodeIdL: 0},
{ nodeIdR: 27, nodeIdL: 1},
{ nodeIdR: 26, nodeIdL: 0},
{ nodeIdR: 27, nodeIdL: 0},
{ nodeIdR: 58, nodeIdL: 0},
{ nodeIdR: 3, nodeIdL: 3},
{ nodeIdR: 26, nodeIdL: 3},
{ nodeIdR: 27, nodeIdL: 3},
{ nodeIdR: 58, nodeIdL: 3},
{ nodeIdR: 2, nodeIdL: 2},
{ nodeIdR: 3, nodeIdL: 2},
{ nodeIdR: 6, nodeIdL: 2},
{ nodeIdR: 26, nodeIdL: 2},
{ nodeIdR: 27, nodeIdL: 2},
{ nodeIdR: 58, nodeIdL: 2},
{ nodeIdR: 2, nodeIdL: 5},
{ nodeIdR: 3, nodeIdL: 5},
{ nodeIdR: 6, nodeIdL: 5},
{ nodeIdR: 26, nodeIdL: 5},
{ nodeIdR: 27, nodeIdL: 5},
{ nodeIdR: 58, nodeIdL: 5},
{ nodeIdR: 3, nodeIdL: 4},
{ nodeIdR: 6, nodeIdL: 4},
{ nodeIdR: 26, nodeIdL: 4},
{ nodeIdR: 27, nodeIdL: 4},
]
},{ score: 0.214285714286,
alignment: [
{ nodeIdR: 43, nodeIdL: 1},
{ nodeIdR: 42, nodeIdL: 0},
{ nodeIdR: 40, nodeIdL: 1},
{ nodeIdR: 42, nodeIdL: 1},
{ nodeIdR: 43, nodeIdL: 0},
{ nodeIdR: 41, nodeIdL: 1},
{ nodeIdR: 38, nodeIdL: 0},
{ nodeIdR: 40, nodeIdL: 0},
{ nodeIdR: 41, nodeIdL: 0},
{ nodeIdR: 43, nodeIdL: 3},
{ nodeIdR: 40, nodeIdL: 3},
{ nodeIdR: 41, nodeIdL: 3},
{ nodeIdR: 42, nodeIdL: 2},
{ nodeIdR: 43, nodeIdL: 2},
{ nodeIdR: 38, nodeIdL: 2},
{ nodeIdR: 39, nodeIdL: 2},
{ nodeIdR: 40, nodeIdL: 2},
{ nodeIdR: 41, nodeIdL: 2},
{ nodeIdR: 42, nodeIdL: 5},
{ nodeIdR: 43, nodeIdL: 5},
{ nodeIdR: 38, nodeIdL: 5},
{ nodeIdR: 39, nodeIdL: 5},
{ nodeIdR: 40, nodeIdL: 5},
{ nodeIdR: 41, nodeIdL: 5},
{ nodeIdR: 43, nodeIdL: 4},
{ nodeIdR: 38, nodeIdL: 4},
{ nodeIdR: 40, nodeIdL: 4},
{ nodeIdR: 41, nodeIdL: 4},
]
},{ score: 0.409090909091,
alignment: [
{ nodeIdR: 29, nodeIdL: 1},
{ nodeIdR: 61, nodeIdL: 1},
{ nodeIdR: 14, nodeIdL: 1},
{ nodeIdR: 13, nodeIdL: 0},
{ nodeIdR: 13, nodeIdL: 1},
{ nodeIdR: 14, nodeIdL: 0},
{ nodeIdR: 29, nodeIdL: 0},
{ nodeIdR: 61, nodeIdL: 0},
{ nodeIdR: 13, nodeIdL: 3},
{ nodeIdR: 29, nodeIdL: 3},
{ nodeIdR: 61, nodeIdL: 3},
{ nodeIdR: 13, nodeIdL: 2},
{ nodeIdR: 14, nodeIdL: 2},
{ nodeIdR: 29, nodeIdL: 2},
{ nodeIdR: 61, nodeIdL: 2},
{ nodeIdR: 13, nodeIdL: 5},
{ nodeIdR: 14, nodeIdL: 5},
{ nodeIdR: 29, nodeIdL: 5},
{ nodeIdR: 61, nodeIdL: 5},
{ nodeIdR: 13, nodeIdL: 4},
{ nodeIdR: 29, nodeIdL: 4},
{ nodeIdR: 61, nodeIdL: 4},
]
},{ score: 0.272727272727,
alignment: [
{ nodeIdR: 54, nodeIdL: 1},
{ nodeIdR: 55, nodeIdL: 1},
{ nodeIdR: 49, nodeIdL: 1},
{ nodeIdR: 48, nodeIdL: 1},
{ nodeIdR: 49, nodeIdL: 0},
{ nodeIdR: 60, nodeIdL: 1},
{ nodeIdR: 55, nodeIdL: 0},
{ nodeIdR: 59, nodeIdL: 0},
{ nodeIdR: 59, nodeIdL: 3},
{ nodeIdR: 60, nodeIdL: 3},
{ nodeIdR: 48, nodeIdL: 2},
{ nodeIdR: 54, nodeIdL: 2},
{ nodeIdR: 55, nodeIdL: 2},
{ nodeIdR: 59, nodeIdL: 2},
{ nodeIdR: 60, nodeIdL: 2},
{ nodeIdR: 48, nodeIdL: 5},
{ nodeIdR: 54, nodeIdL: 5},
{ nodeIdR: 55, nodeIdL: 5},
{ nodeIdR: 59, nodeIdL: 5},
{ nodeIdR: 60, nodeIdL: 5},
{ nodeIdR: 54, nodeIdL: 4},
{ nodeIdR: 60, nodeIdL: 4},
]
},{ score: 0.428571428571,
alignment: [
{ nodeIdR: 28, nodeIdL: 1},
{ nodeIdR: 63, nodeIdL: 1},
{ nodeIdR: 18, nodeIdL: 1},
{ nodeIdR: 17, nodeIdL: 0},
{ nodeIdR: 17, nodeIdL: 1},
{ nodeIdR: 18, nodeIdL: 0},
{ nodeIdR: 28, nodeIdL: 0},
{ nodeIdR: 63, nodeIdL: 0},
{ nodeIdR: 17, nodeIdL: 3},
{ nodeIdR: 18, nodeIdL: 3},
{ nodeIdR: 28, nodeIdL: 3},
{ nodeIdR: 17, nodeIdL: 2},
{ nodeIdR: 18, nodeIdL: 2},
{ nodeIdR: 28, nodeIdL: 2},
{ nodeIdR: 63, nodeIdL: 2},
{ nodeIdR: 17, nodeIdL: 5},
{ nodeIdR: 18, nodeIdL: 5},
{ nodeIdR: 28, nodeIdL: 5},
{ nodeIdR: 63, nodeIdL: 5},
{ nodeIdR: 17, nodeIdL: 4},
{ nodeIdR: 28, nodeIdL: 4},
]
},{ score: 0.260416666667,
alignment: [
{ nodeIdR: 45, nodeIdL: 1},
{ nodeIdR: 44, nodeIdL: 0},
{ nodeIdR: 46, nodeIdL: 1},
{ nodeIdR: 47, nodeIdL: 1},
{ nodeIdR: 44, nodeIdL: 1},
{ nodeIdR: 45, nodeIdL: 0},
{ nodeIdR: 46, nodeIdL: 0},
{ nodeIdR: 47, nodeIdL: 0},
{ nodeIdR: 44, nodeIdL: 3},
{ nodeIdR: 45, nodeIdL: 3},
{ nodeIdR: 46, nodeIdL: 3},
{ nodeIdR: 47, nodeIdL: 3},
{ nodeIdR: 44, nodeIdL: 2},
{ nodeIdR: 45, nodeIdL: 2},
{ nodeIdR: 46, nodeIdL: 2},
{ nodeIdR: 47, nodeIdL: 2},
{ nodeIdR: 44, nodeIdL: 5},
{ nodeIdR: 45, nodeIdL: 5},
{ nodeIdR: 46, nodeIdL: 5},
{ nodeIdR: 47, nodeIdL: 5},
]
},{ score: 0.705882352941,
alignment: [
{ nodeIdR: 62, nodeIdL: 1},
{ nodeIdR: 12, nodeIdL: 1},
{ nodeIdR: 11, nodeIdL: 0},
{ nodeIdR: 11, nodeIdL: 1},
{ nodeIdR: 12, nodeIdL: 0},
{ nodeIdR: 62, nodeIdL: 0},
{ nodeIdR: 11, nodeIdL: 3},
{ nodeIdR: 12, nodeIdL: 3},
{ nodeIdR: 62, nodeIdL: 3},
{ nodeIdR: 11, nodeIdL: 2},
{ nodeIdR: 12, nodeIdL: 2},
{ nodeIdR: 62, nodeIdL: 2},
{ nodeIdR: 11, nodeIdL: 5},
{ nodeIdR: 12, nodeIdL: 5},
{ nodeIdR: 62, nodeIdL: 5},
{ nodeIdR: 11, nodeIdL: 4},
{ nodeIdR: 62, nodeIdL: 4},
]
},{ score: 0.48,
alignment: [
{ nodeIdR: 57, nodeIdL: 1},
{ nodeIdR: 50, nodeIdL: 1},
{ nodeIdR: 57, nodeIdL: 0},
{ nodeIdR: 51, nodeIdL: 1},
{ nodeIdR: 51, nodeIdL: 0},
{ nodeIdR: 53, nodeIdL: 1},
{ nodeIdR: 52, nodeIdL: 0},
{ nodeIdR: 50, nodeIdL: 3},
{ nodeIdR: 57, nodeIdL: 2},
{ nodeIdR: 51, nodeIdL: 2},
{ nodeIdR: 53, nodeIdL: 2},
{ nodeIdR: 50, nodeIdL: 5},
{ nodeIdR: 53, nodeIdL: 5},
{ nodeIdR: 50, nodeIdL: 4},
{ nodeIdR: 51, nodeIdL: 4},
]
},{ score: 1.63636363636,
alignment: [
{ nodeIdR: 21, nodeIdL: 1},
{ nodeIdR: 30, nodeIdL: 0},
{ nodeIdR: 30, nodeIdL: 1},
{ nodeIdR: 21, nodeIdL: 0},
{ nodeIdR: 30, nodeIdL: 3},
{ nodeIdR: 30, nodeIdL: 2},
{ nodeIdR: 21, nodeIdL: 2},
{ nodeIdR: 30, nodeIdL: 5},
{ nodeIdR: 21, nodeIdL: 5},
{ nodeIdR: 30, nodeIdL: 4},
{ nodeIdR: 21, nodeIdL: 4},
]
},{ score: 1.63636363636,
alignment: [
{ nodeIdR: 34, nodeIdL: 1},
{ nodeIdR: 35, nodeIdL: 1},
{ nodeIdR: 34, nodeIdL: 0},
{ nodeIdR: 35, nodeIdL: 0},
{ nodeIdR: 34, nodeIdL: 3},
{ nodeIdR: 35, nodeIdL: 3},
{ nodeIdR: 34, nodeIdL: 2},
{ nodeIdR: 35, nodeIdL: 2},
{ nodeIdR: 34, nodeIdL: 5},
{ nodeIdR: 35, nodeIdL: 5},
{ nodeIdR: 35, nodeIdL: 4},
]
},{ score: 1.8,
alignment: [
{ nodeIdR: 8, nodeIdL: 1},
{ nodeIdR: 9, nodeIdL: 1},
{ nodeIdR: 8, nodeIdL: 0},
{ nodeIdR: 9, nodeIdL: 0},
{ nodeIdR: 8, nodeIdL: 3},
{ nodeIdR: 8, nodeIdL: 2},
{ nodeIdR: 9, nodeIdL: 2},
{ nodeIdR: 8, nodeIdL: 5},
{ nodeIdR: 9, nodeIdL: 5},
{ nodeIdR: 9, nodeIdL: 4},
]
},{ score: 2.0,
alignment: [
{ nodeIdR: 32, nodeIdL: 1},
{ nodeIdR: 32, nodeIdL: 0},
{ nodeIdR: 33, nodeIdL: 0},
{ nodeIdR: 32, nodeIdL: 3},
{ nodeIdR: 32, nodeIdL: 2},
{ nodeIdR: 33, nodeIdL: 2},
{ nodeIdR: 32, nodeIdL: 5},
{ nodeIdR: 33, nodeIdL: 5},
{ nodeIdR: 32, nodeIdL: 4},
]
},{ score: 0.868055555556,
alignment: [
{ nodeIdR: 64, nodeIdL: 1},
{ nodeIdR: 15, nodeIdL: 0},
{ nodeIdR: 4, nodeIdL: 0},
{ nodeIdR: 15, nodeIdL: 3},
{ nodeIdR: 15, nodeIdL: 2},
{ nodeIdR: 4, nodeIdL: 2},
{ nodeIdR: 15, nodeIdL: 5},
{ nodeIdR: 4, nodeIdL: 5},
]
},{ score: 2.57142857143,
alignment: [
{ nodeIdR: 10, nodeIdL: 1},
{ nodeIdR: 10, nodeIdL: 0},
{ nodeIdR: 10, nodeIdL: 3},
{ nodeIdR: 10, nodeIdL: 2},
{ nodeIdR: 10, nodeIdL: 5},
{ nodeIdR: 7, nodeIdL: 4},
{ nodeIdR: 10, nodeIdL: 4},
]
},{ score: 0.037037037037,
alignment: [
{ nodeIdR: 50, nodeIdL: 0},
{ nodeIdR: 53, nodeIdL: 0},
{ nodeIdR: 56, nodeIdL: 5},
{ nodeIdR: 57, nodeIdL: 5},
{ nodeIdR: 51, nodeIdL: 5},
{ nodeIdR: 52, nodeIdL: 5},
]
},{ score: 4.16666666667,
alignment: [
{ nodeIdR: 16, nodeIdL: 1},
{ nodeIdR: 16, nodeIdL: 0},
{ nodeIdR: 16, nodeIdL: 2},
{ nodeIdR: 16, nodeIdL: 5},
{ nodeIdR: 16, nodeIdL: 4},
]
},{ score: 4.16666666667,
alignment: [
{ nodeIdR: 5, nodeIdL: 0},
{ nodeIdR: 5, nodeIdL: 1},
{ nodeIdR: 5, nodeIdL: 3},
{ nodeIdR: 5, nodeIdL: 2},
{ nodeIdR: 5, nodeIdL: 5},
]
},{ score: 4.16666666667,
alignment: [
{ nodeIdR: 31, nodeIdL: 1},
{ nodeIdR: 31, nodeIdL: 0},
{ nodeIdR: 31, nodeIdL: 3},
{ nodeIdR: 31, nodeIdL: 2},
{ nodeIdR: 31, nodeIdL: 5},
]
},{ score: 2.66666666667,
alignment: [
{ nodeIdR: 0, nodeIdL: 0},
{ nodeIdR: 0, nodeIdL: 1},
{ nodeIdR: 0, nodeIdL: 2},
{ nodeIdR: 0, nodeIdL: 5},
]
},{ score: 2.66666666667,
alignment: [
{ nodeIdR: 1, nodeIdL: 0},
{ nodeIdR: 1, nodeIdL: 3},
{ nodeIdR: 1, nodeIdL: 2},
{ nodeIdR: 1, nodeIdL: 5},
]
},{ score: 2.66666666667,
alignment: [
{ nodeIdR: 37, nodeIdL: 1},
{ nodeIdR: 37, nodeIdL: 0},
{ nodeIdR: 37, nodeIdL: 2},
{ nodeIdR: 37, nodeIdL: 5},
]
},{ score: 0.148148148148,
alignment: [
{ nodeIdR: 4, nodeIdL: 1},
{ nodeIdR: 15, nodeIdL: 1},
{ nodeIdR: 64, nodeIdL: 5},
]
},{ score: 0.5,
alignment: [
{ nodeIdR: 20, nodeIdL: 1},
{ nodeIdR: 19, nodeIdL: 0},
{ nodeIdR: 24, nodeIdL: 4},
]
},{ score: 0.5,
alignment: [
{ nodeIdR: 23, nodeIdL: 3},
{ nodeIdR: 22, nodeIdL: 2},
{ nodeIdR: 25, nodeIdL: 5},
]
},{ score: 0.666666666667,
alignment: [
{ nodeIdR: 56, nodeIdL: 0},
{ nodeIdR: 56, nodeIdL: 3},
]
},{ score: 0.333333333333,
alignment: [
{ nodeIdR: 48, nodeIdL: 0},
{ nodeIdR: 49, nodeIdL: 5},
]
},{ score: 0.166666666667,
alignment: [
{ nodeIdR: 36, nodeIdL: 1},
]
},{ score: 0.166666666667,
alignment: [
{ nodeIdR: 7, nodeIdL: 0},
]
},{ score: 0.166666666667,
alignment: [
{ nodeIdR: 36, nodeIdL: 0},
]
},{ score: 0.166666666667,
alignment: [
{ nodeIdR: 36, nodeIdL: 2},
]
},{ score: 0.166666666667,
alignment: [
{ nodeIdR: 7, nodeIdL: 5},
]
},{ score: 0.166666666667,
alignment: [
{ nodeIdR: 36, nodeIdL: 5},
]
},]
}