const NODECOLOR = "#2e5e2c"
const NODEBORDER = "#33a12d"
const NODESIZE_Q = 10
const NODESIZE_R = 4

export default {
	graphL: { nodes: [
		{ name: 'q.ubt3-d2-i1', x: '438.466582778', y:'493.13722202', size: NODESIZE_Q, color: NODECOLOR},
		{ name: 'q.ubt3-d2-i0', x: '227.13120593', y:'444.862911075', size: NODESIZE_Q, color: NODECOLOR},
		{ name: 'q.ubt3-d0-i0', x: '435.881457479', y:'249.231451245', size: NODESIZE_Q, color: NODECOLOR},
		{ name: 'q.ubt3-d1-i0', x: '361.611115132', y:'388.379850244', size: NODESIZE_Q, color: NODECOLOR},
		{ name: 'q.ubt3-d1-i1', x: '500.0', y:'132.812194809', size: NODESIZE_Q, color: NODECOLOR},
		{ name: 'q.ubt3-d3-i0', x: '116.727793121', y:'500.0', size: NODESIZE_Q, color: NODECOLOR},
	],
 edges: [
		{ node1: 1, node2: 5},
		{ node1: 1, node2: 3},
		{ node1: 0, node2: 3},
		{ node1: 4, node2: 2},
		{ node1: 3, node2: 2},
	],
	},
	graphR: { nodes: [
		{ name: 'c12-i10', x: '62.1080111723', y:'29.551747233', size: NODESIZE_R, color: NODECOLOR},
		{ name: 'c12-i11', x: '86.8348617096', y:'21.6459949339', size: NODESIZE_R, color: NODECOLOR},
		{ name: 'ubt3-d2-i1', x: '18.6510066117', y:'263.060745993', size: NODESIZE_R, color: NODECOLOR},
		{ name: 'ubt3-d2-i0', x: '51.4957575127', y:'269.176287927', size: NODESIZE_R, color: NODECOLOR},
		{ name: 't3-d3-i6', x: '469.945146246', y:'417.360209155', size: NODESIZE_R, color: NODECOLOR},
		{ name: 't3-d0-i0', x: '380.477908818', y:'411.14827039', size: NODESIZE_R, color: NODECOLOR},
		{ name: 'ubt3-d0-i0', x: '36.8472718407', y:'229.355865409', size: NODESIZE_R, color: NODECOLOR},
		{ name: 'l4-i3', x: '137.257288607', y:'355.225294113', size: NODESIZE_R, color: NODECOLOR},
		{ name: 'l4-i2', x: '153.411522266', y:'363.546173303', size: NODESIZE_R, color: NODECOLOR},
		{ name: 'l4-i1', x: '172.784739124', y:'366.983456284', size: NODESIZE_R, color: NODECOLOR},
		{ name: 'l4-i0', x: '190.323895072', y:'370.04173521', size: NODESIZE_R, color: NODECOLOR},
		{ name: 't3-d3-i3', x: '339.253564036', y:'499.701256409', size: NODESIZE_R, color: NODECOLOR},
		{ name: 't3-d3-i2', x: '359.069350878', y:'500.0', size: NODESIZE_R, color: NODECOLOR},
		{ name: 't3-d3-i1', x: '299.75681226', y:'453.058495386', size: NODESIZE_R, color: NODECOLOR},
		{ name: 't3-d3-i0', x: '297.469017619', y:'428.759451868', size: NODESIZE_R, color: NODECOLOR},
		{ name: 't3-d3-i7', x: '460.734756953', y:'437.106407266', size: NODESIZE_R, color: NODECOLOR},
		{ name: 'c12-i8', x: '32.6433498712', y:'75.6255880135', size: NODESIZE_R, color: NODECOLOR},
		{ name: 't3-d3-i5', x: '437.154662313', y:'338.594185563', size: NODESIZE_R, color: NODECOLOR},
		{ name: 't3-d3-i4', x: '452.665336772', y:'353.113943767', size: NODESIZE_R, color: NODECOLOR},
		{ name: 'l6-i5', x: '312.177549585', y:'228.038934622', size: NODESIZE_R, color: NODECOLOR},
		{ name: 'l6-i4', x: '299.843663781', y:'244.889553764', size: NODESIZE_R, color: NODECOLOR},
		{ name: 'c12-i9', x: '42.4942346257', y:'48.375485397', size: NODESIZE_R, color: NODECOLOR},
		{ name: 'l6-i1', x: '273.284133006', y:'315.783038672', size: NODESIZE_R, color: NODECOLOR},
		{ name: 'l6-i0', x: '272.06714239', y:'337.508941961', size: NODESIZE_R, color: NODECOLOR},
		{ name: 'l6-i3', x: '289.735390162', y:'267.597804253', size: NODESIZE_R, color: NODECOLOR},
		{ name: 'l6-i2', x: '280.53034003', y:'291.797838991', size: NODESIZE_R, color: NODECOLOR},
		{ name: 'ubt3-d1-i0', x: '38.8598447677', y:'256.057126609', size: NODESIZE_R, color: NODECOLOR},
		{ name: 'ubt3-d1-i1', x: '28.8486508812', y:'208.834873441', size: NODESIZE_R, color: NODECOLOR},
		{ name: 't3-d1-i1', x: '416.00221751', y:'394.417503679', size: NODESIZE_R, color: NODECOLOR},
		{ name: 't3-d1-i0', x: '348.978770847', y:'436.194071872', size: NODESIZE_R, color: NODECOLOR},
		{ name: 'c12-i6', x: '53.9404692894', y:'128.170324368', size: NODESIZE_R, color: NODECOLOR},
		{ name: 'c12-i7', x: '37.082861409', y:'104.925893926', size: NODESIZE_R, color: NODECOLOR},
		{ name: 'c12-i4', x: '104.824963685', y:'134.058322161', size: NODESIZE_R, color: NODECOLOR},
		{ name: 'c12-i5', x: '78.7190776133', y:'139.791411112', size: NODESIZE_R, color: NODECOLOR},
		{ name: 'c12-i2', x: '131.62807412', y:'82.3264041714', size: NODESIZE_R, color: NODECOLOR},
		{ name: 'c12-i3', x: '123.745656392', y:'112.428957989', size: NODESIZE_R, color: NODECOLOR},
		{ name: 'c12-i0', x: '111.037837799', y:'28.7324492108', size: NODESIZE_R, color: NODECOLOR},
		{ name: 'c12-i1', x: '127.45046499', y:'51.7532332334', size: NODESIZE_R, color: NODECOLOR},
		{ name: 'c6-i4', x: '500.0', y:'181.230601942', size: NODESIZE_R, color: NODECOLOR},
		{ name: 'c6-i5', x: '497.90733219', y:'159.279537014', size: NODESIZE_R, color: NODECOLOR},
		{ name: 'c6-i2', x: '466.81620364', y:'174.832522051', size: NODESIZE_R, color: NODECOLOR},
		{ name: 'c6-i3', x: '482.738269569', y:'188.920067459', size: NODESIZE_R, color: NODECOLOR},
		{ name: 'c6-i0', x: '484.15276191', y:'143.001636264', size: NODESIZE_R, color: NODECOLOR},
		{ name: 'c6-i1', x: '467.924993549', y:'151.300886776', size: NODESIZE_R, color: NODECOLOR},
		{ name: 'c4-i0', x: '266.48536363', y:'40.103598309', size: NODESIZE_R, color: NODECOLOR},
		{ name: 'c4-i1', x: '280.849520923', y:'37.0220744702', size: NODESIZE_R, color: NODECOLOR},
		{ name: 'c4-i2', x: '273.340155656', y:'22.0108742552', size: NODESIZE_R, color: NODECOLOR},
		{ name: 'c4-i3', x: '257.747894234', y:'27.0035460758', size: NODESIZE_R, color: NODECOLOR},
		{ name: 'l12-i11', x: '399.860780929', y:'67.8137504711', size: NODESIZE_R, color: NODECOLOR},
		{ name: 'l12-i10', x: '382.137738987', y:'79.6241718459', size: NODESIZE_R, color: NODECOLOR},
		{ name: 'l12-i3', x: '216.435399821', y:'203.990600789', size: NODESIZE_R, color: NODECOLOR},
		{ name: 'l12-i2', x: '193.929767292', y:'221.814620121', size: NODESIZE_R, color: NODECOLOR},
		{ name: 'l12-i1', x: '173.68331677', y:'238.450222379', size: NODESIZE_R, color: NODECOLOR},
		{ name: 'l12-i0', x: '157.361151437', y:'252.424308141', size: NODESIZE_R, color: NODECOLOR},
		{ name: 'l12-i7', x: '313.161069387', y:'128.425087627', size: NODESIZE_R, color: NODECOLOR},
		{ name: 'l12-i6', x: '288.795876789', y:'147.137914599', size: NODESIZE_R, color: NODECOLOR},
		{ name: 'l12-i5', x: '264.242125', y:'166.246796898', size: NODESIZE_R, color: NODECOLOR},
		{ name: 'l12-i4', x: '240.073006705', y:'185.287263422', size: NODESIZE_R, color: NODECOLOR},
		{ name: 'ubt3-d3-i0', x: '51.3390567288', y:'292.162729857', size: NODESIZE_R, color: NODECOLOR},
		{ name: 'l12-i9', x: '360.881084793', y:'94.1708192824', size: NODESIZE_R, color: NODECOLOR},
		{ name: 'l12-i8', x: '337.46335587', y:'110.707224585', size: NODESIZE_R, color: NODECOLOR},
		{ name: 't3-d2-i0', x: '317.310555285', y:'436.712248129', size: NODESIZE_R, color: NODECOLOR},
		{ name: 't3-d2-i1', x: '348.444133526', y:'474.643968118', size: NODESIZE_R, color: NODECOLOR},
		{ name: 't3-d2-i2', x: '431.418930684', y:'361.985742389', size: NODESIZE_R, color: NODECOLOR},
		{ name: 't3-d2-i3', x: '446.161730766', y:'414.184626252', size: NODESIZE_R, color: NODECOLOR},
	],
 edges: [
		{ node1: 0, node2: 1},
		{ node1: 0, node2: 21},
		{ node1: 1, node2: 36},
		{ node1: 2, node2: 26},
		{ node1: 3, node2: 58},
		{ node1: 3, node2: 26},
		{ node1: 4, node2: 64},
		{ node1: 5, node2: 28},
		{ node1: 5, node2: 29},
		{ node1: 6, node2: 26},
		{ node1: 6, node2: 27},
		{ node1: 7, node2: 8},
		{ node1: 8, node2: 9},
		{ node1: 9, node2: 10},
		{ node1: 11, node2: 62},
		{ node1: 12, node2: 62},
		{ node1: 13, node2: 61},
		{ node1: 14, node2: 61},
		{ node1: 15, node2: 64},
		{ node1: 16, node2: 31},
		{ node1: 16, node2: 21},
		{ node1: 17, node2: 63},
		{ node1: 18, node2: 63},
		{ node1: 19, node2: 20},
		{ node1: 20, node2: 24},
		{ node1: 22, node2: 23},
		{ node1: 22, node2: 25},
		{ node1: 24, node2: 25},
		{ node1: 28, node2: 63},
		{ node1: 28, node2: 64},
		{ node1: 29, node2: 61},
		{ node1: 29, node2: 62},
		{ node1: 30, node2: 31},
		{ node1: 30, node2: 33},
		{ node1: 32, node2: 33},
		{ node1: 32, node2: 35},
		{ node1: 34, node2: 35},
		{ node1: 34, node2: 37},
		{ node1: 36, node2: 37},
		{ node1: 38, node2: 39},
		{ node1: 38, node2: 41},
		{ node1: 39, node2: 42},
		{ node1: 40, node2: 41},
		{ node1: 40, node2: 43},
		{ node1: 42, node2: 43},
		{ node1: 44, node2: 45},
		{ node1: 44, node2: 47},
		{ node1: 45, node2: 46},
		{ node1: 46, node2: 47},
		{ node1: 48, node2: 49},
		{ node1: 49, node2: 59},
		{ node1: 50, node2: 51},
		{ node1: 50, node2: 57},
		{ node1: 51, node2: 52},
		{ node1: 52, node2: 53},
		{ node1: 54, node2: 60},
		{ node1: 54, node2: 55},
		{ node1: 55, node2: 56},
		{ node1: 56, node2: 57},
		{ node1: 59, node2: 60},
	],
	},
sim: { graphL : [
[0.016109153242070833, 0.015003854028035246, 0.02000873207965775, 0.015261514525800209, 0.014631234971809974, 0.01679639838490983, 0.014849520062758081, 0.01314249533605975, 0.014887728027767643, 0.014887901168268484, 0.016730838842724301, 0.01565059191998542, 0.014935177271695556, 0.014301843630540625, 0.015312124972759621, 0.015179198202710234, 0.014999494234162592, 0.015399425918926119, 0.016335904943381517, 0.015996240236397261, 0.016850231569995485, 0.016250301958568181, 0.01542957388606426, 0.014058771766871694, 0.014448772188818626, 0.015969177031750943, 0.015902671019793282, 0.014919062195239552, 0.014186649440427497, 0.014809517764097195, 0.014580502432347755, 0.015255650426388396, 0.015544568085238651, 0.015528365380460469, 0.015405712317875129, 0.015787447660910513, 0.015644387657121697, 0.015575671588965801, 0.015720485941796123, 0.014829480604028901, 0.014354691674077262, 0.016389960099858471, 0.014946502857853606, 0.016375568670825374, 0.015002574664903977, 0.015070710899312629, 0.014951805998675549, 0.015402794521949762, 0.015206841219314286, 0.015135464953152218, 0.016156939482268446, 0.015695261471638251, 0.01441298012644145, 0.015085985001536172, 0.015714528715102309, 0.015928114980099602, 0.014668401302716414, 0.01475610568088606, 0.015379552462242461, 0.015631426164752188, 0.014791970282620383, 0.014367504975894426, 0.01450887441569839, 0.016541060373749243, 0.01640800608724996],
[0.016697433862128547, 0.015041056329104349, 0.015157477089459885, 0.0198723329571153, 0.014650511666026987, 0.015780227752721674, 0.014892640941010771, 0.014734045392980717, 0.014213193715836037, 0.015309282881692985, 0.01661791270481847, 0.016449068525297924, 0.015828049437510018, 0.014901214614039256, 0.014382883049044105, 0.01586373233268619, 0.015123529781385448, 0.016184799727781547, 0.015307639622543149, 0.015341845545343206, 0.016226203553732572, 0.015207323710864197, 0.015015480065855142, 0.015657479556320155, 0.015296988744072511, 0.016296094984741733, 0.014984465150153203, 0.014786299886763382, 0.017035510754868845, 0.015845185283110068, 0.015526006291926072, 0.015407015132104884, 0.015692194226821266, 0.014945435631653734, 0.015179489896856271, 0.016552292451739947, 0.015612170382573605, 0.014839551727747473, 0.01470074432699375, 0.015097090480839476, 0.016073440379109662, 0.016654560540945527, 0.014202679535050116, 0.014718720685853112, 0.014874553823286354, 0.015487585597023972, 0.015150186011696272, 0.01622061265480617, 0.014249954965294902, 0.0155936657179413, 0.016446063637283605, 0.015278380675683283, 0.014191810778586382, 0.014665461897521289, 0.015021286840060797, 0.014451777562690393, 0.014996000790275498, 0.014615958264197692, 0.015376320386295939, 0.015496022683652806, 0.014801942791852382, 0.014406967835637927, 0.01387861080326544, 0.015036365837059003, 0.015859169136665213],
[0.015216150147401169, 0.014785375261965274, 0.015165161691223013, 0.015313591592181998, 0.014520710264682922, 0.015186790881672865, 0.020434037998667273, 0.014921636116688368, 0.015344071012578731, 0.014883264563214611, 0.016101038421293821, 0.014970299882702298, 0.014024461537528799, 0.015648139817678507, 0.014768132972109856, 0.016208235263685759, 0.015021362857035472, 0.016446028850523129, 0.015842742497463532, 0.016023176840070989, 0.015666439587207082, 0.014689469645794545, 0.015369225626772367, 0.014612550574704761, 0.015863559506319902, 0.016465577947735288, 0.013972842067978922, 0.015615727402308209, 0.015067836652372563, 0.01526294080768484, 0.014062660219633673, 0.01558640804209011, 0.015506758574597738, 0.016633673334467875, 0.015016940821726983, 0.015490508110566579, 0.015238073108472635, 0.014224833843528253, 0.014213183665087586, 0.013981660905726242, 0.01656756721381622, 0.017657011821781456, 0.014436139276282726, 0.016494300222338824, 0.014985125298215697, 0.014711917733872719, 0.014098362097450018, 0.014805958204024881, 0.015618262626450208, 0.015348368844573149, 0.014920476999152339, 0.016262819085478164, 0.015132020650430119, 0.015908199149149461, 0.016632717609499414, 0.015543920411321027, 0.015239613417347735, 0.015001682755019265, 0.015770349519139543, 0.015826445135149161, 0.015678529044724464, 0.015804279434339576, 0.015002536151474804, 0.015185768286601134, 0.01400235009722285],
[0.014973494145075069, 0.015577323012154861, 0.015761213928505408, 0.014953110717432033, 0.016073614366073439, 0.016772879897215778, 0.013560312927331328, 0.014876119063846989, 0.015401376616306639, 0.016030095884205751, 0.015573547459258933, 0.016196996050944476, 0.016029601901511058, 0.015065242972570706, 0.015183201894242266, 0.01571072154261223, 0.015789956009260565, 0.015342099383152959, 0.015275775143539829, 0.014816912727828785, 0.015684532381915712, 0.015011960333204165, 0.016000578369849944, 0.016017148861628808, 0.014896502012894683, 0.015435728866230881, 0.019830750843875162, 0.015603013529355152, 0.0160144555631355, 0.016388098781829927, 0.016345344126981382, 0.015170959670709468, 0.014593837036975471, 0.015654990408054011, 0.015813136134795899, 0.014667503991728437, 0.014969766157167089, 0.015324414483907653, 0.015801743862737389, 0.014995010601576882, 0.015676945692538451, 0.016534945914501442, 0.013848697451130969, 0.015753912208901696, 0.014830380504257105, 0.015455438888534481, 0.015427362766235546, 0.016434688320860726, 0.014444719879623175, 0.01503306731048103, 0.015284219194488548, 0.014494620768495439, 0.013708363123061975, 0.014810280677867499, 0.015047474383670011, 0.015171703861795064, 0.015284978492164198, 0.013962957732045941, 0.015325756364761028, 0.014921203079878122, 0.015316281425417137, 0.014394110362944032, 0.01525884475913019, 0.014907261941305268, 0.01548871323428825],
[0.015844390403899983, 0.015696706975461886, 0.014973606121762914, 0.014942219242596425, 0.016191515144855697, 0.015822154670224534, 0.015346610537827481, 0.013892323945852162, 0.014057711206519699, 0.015906026844244425, 0.015910612972198757, 0.015738823988215671, 0.015457670588762693, 0.015942164367418653, 0.014692663329298907, 0.014066135674546931, 0.014011194285260476, 0.015869480411342781, 0.01577223830914605, 0.015090818069567566, 0.016113750458607363, 0.015487793453396102, 0.015665106924809703, 0.015027511737146337, 0.014927450727267304, 0.015905394588544897, 0.015800607189738098, 0.020081883783035374, 0.016479290110492446, 0.016315382923959964, 0.015333052950571663, 0.015330628763018758, 0.015380255965072729, 0.015349820761036935, 0.016040968750869564, 0.014400701303223672, 0.014446480076086416, 0.016105903149442571, 0.015939849080166192, 0.013904889876613463, 0.014790750139649006, 0.015956378202782926, 0.015297574111699458, 0.015406071830919622, 0.014822129249094498, 0.015801256599222095, 0.016236714530369355, 0.014210711991171786, 0.014206674448852702, 0.015173596183723709, 0.016244907729217637, 0.016072056946897017, 0.014188638182002718, 0.015889091165095418, 0.015653294511110541, 0.015428232349726814, 0.013860158513338197, 0.013769015565272649, 0.016158241398919169, 0.015986874606118563, 0.014250058638333398, 0.015428836806938144, 0.015095315169731519, 0.0160524803437734, 0.014759151123936783],
[0.015953955570641033, 0.01381812807001594, 0.01495517161164259, 0.015054656007065428, 0.015963793450102459, 0.015578133690962939, 0.015016004651132217, 0.013940228681366802, 0.015034087778609836, 0.014277503219374578, 0.016346668845922188, 0.014388407267998773, 0.015233095321661378, 0.015871378051048459, 0.014471680286959674, 0.014793633956850433, 0.014183047721474086, 0.016724833118985212, 0.015255830448536721, 0.016152873816704671, 0.01545004178573775, 0.01533551843085457, 0.015606394022813736, 0.014620575903830577, 0.01426005001438079, 0.015309594106474915, 0.015036613308545253, 0.0156551385199615, 0.01603133916386756, 0.016663122869007261, 0.014781950047005823, 0.015213773381115833, 0.01482384988589538, 0.016683529586958738, 0.015771521846086652, 0.015558762617446213, 0.015156104877949588, 0.015939954867704834, 0.014344504915519229, 0.014835386424882888, 0.015139907182736832, 0.016535721478307421, 0.014945191901750671, 0.014693928871081948, 0.014630629895126602, 0.016075832585353386, 0.014881492341402354, 0.015488073270804897, 0.015985840179857429, 0.014927011290642243, 0.015710226638186511, 0.016548380989941682, 0.014738657001657036, 0.015606306196998819, 0.015262880270003476, 0.016125052555305684, 0.015642613255581184, 0.014359356151804637, 0.01945661440521718, 0.016164377472243283, 0.014455163341780772, 0.015856551445669494, 0.015962581852557632, 0.015273971501740875, 0.015442799781153621],
],
graphR : [
[0.16935276980169781, 0.17674211063327849, 0.15663533799801752, 0.15882657080144999, 0.16596260596363777, 0.17248060480191837],
[0.16635332863221514, 0.16791044655048798, 0.16051897911612045, 0.17426168196227421, 0.1734012945970099, 0.15755426914189233],
[0.20772958343404493, 0.15844422537099268, 0.15416692094989523, 0.16510067770805106, 0.15488890363995172, 0.15966968889706445],
[0.15943568951429349, 0.20902945051973665, 0.15664997961764746, 0.1576158432645012, 0.15553141884348015, 0.16173761824034116],
[0.15840156984160791, 0.15969892873845451, 0.15393299830920065, 0.17557895180176394, 0.17465503349267045, 0.17773251781630256],
[0.1744830804120604, 0.16505213023882026, 0.15447867587318134, 0.17580256253740431, 0.16376379661519253, 0.16641975432334127],
[0.15752459002187921, 0.15906637109692601, 0.21225381725369355, 0.14513964723981385, 0.16220473655521223, 0.1638108378324751],
[0.15321898265774098, 0.17295274538517913, 0.17033996752171124, 0.17498660264287888, 0.1613707301927807, 0.16713097159970897],
[0.16684666764662795, 0.16038047663051561, 0.1683817747880873, 0.17415223910242414, 0.156970791247975, 0.17326805058436992],
[0.1625663501497068, 0.16831496845053659, 0.15913318396738127, 0.17660935695029606, 0.17305095837861284, 0.16032518210346644],
[0.17141332091602515, 0.17142495341183792, 0.16152736617373059, 0.16098848542846547, 0.16241602755319062, 0.17222984651675027],
[0.16704327787445297, 0.17677069102542906, 0.15645667930970764, 0.17442676376366803, 0.16737308999860984, 0.1579294980281325],
[0.16261351868190532, 0.17351793776390262, 0.14951949914187238, 0.17609596838771052, 0.16768933138581166, 0.17056374463879759],
[0.15539724669429031, 0.16302104696765449, 0.1664866385089368, 0.16516113005912125, 0.17258923210561955, 0.1773447056643776],
[0.17186205194967469, 0.16254035005727527, 0.16230634358972984, 0.17194450676042589, 0.16430855431875746, 0.16703819332413694],
[0.16480721527440514, 0.1734217150153837, 0.17231714624070646, 0.17210913884552526, 0.15216589019916849, 0.16517889442481096],
[0.1677553938896218, 0.1703035721479646, 0.16450328962685917, 0.17818092479974657, 0.15613136351339746, 0.16312545602241033],
[0.1599276691284138, 0.16923770231246177, 0.16724205558650621, 0.16076232533366314, 0.1642089801713989, 0.17862126746755622],
[0.1736421102818948, 0.16382900772271095, 0.1648950403446294, 0.16383079002771697, 0.16703993314576709, 0.16676311847728073],
[0.17066288124298282, 0.16480465544045256, 0.16739217549860017, 0.1594994865526157, 0.16041650809684441, 0.1772242931685043],
[0.17498190849481787, 0.1696582210902115, 0.15930263371463338, 0.16433847835661955, 0.16672434835169306, 0.16499440999202444],
[0.17607010919186872, 0.16590050300700876, 0.15584600958657438, 0.16411263453964925, 0.16719714835264568, 0.17087359532225324],
[0.16520074614500443, 0.16187061164124208, 0.16112963773442293, 0.17285190263481867, 0.16711158378437166, 0.17183551806014022],
[0.1556874239295693, 0.17458170048418237, 0.15845193668539725, 0.17896651242573661, 0.1658090944799151, 0.16650333199519943],
[0.16062737343630679, 0.17122425104058223, 0.17268500541948795, 0.16709110256870607, 0.16534435796035615, 0.16302790957456079],
[0.16692679809987598, 0.17151329440612478, 0.1685333599572566, 0.16279875526085871, 0.16565444544256167, 0.16457334683332228],
[0.16584788257800503, 0.15734459044143831, 0.142688830714089, 0.20866971619746033, 0.1641832137687953, 0.16126576630021205],
[0.1538861106723336, 0.15356354276706105, 0.15771953585962731, 0.16238533102297442, 0.20638468550695951, 0.16606079417104413],
[0.14908674460664806, 0.18025406499550739, 0.1550513208822776, 0.16980551223508591, 0.17254914572913838, 0.17325321155134257],
[0.15485323881333063, 0.16681972926100974, 0.15627264701992175, 0.1728973592904535, 0.16997762897733512, 0.17917939663794918],
[0.16030686389207321, 0.17187396664572185, 0.1513953318299506, 0.18132350596735772, 0.16796677485537284, 0.16713355680952371],
[0.16535890376989593, 0.16814582134456718, 0.1654277145688548, 0.16591678386649997, 0.16556629969466796, 0.16958447675551408],
[0.16929018310249375, 0.17207092925265663, 0.16536344564363992, 0.16036257402067147, 0.16689057005672167, 0.16602229792381656],
[0.16326707739678831, 0.15821664447312778, 0.1712483587007381, 0.16607570091278889, 0.16080194792369878, 0.18039027059285806],
[0.1646781401109213, 0.16337366848039547, 0.15718134884762644, 0.17055034034782043, 0.17084405938082092, 0.17337244283241537],
[0.17018001133565502, 0.17964928347279149, 0.16350372835456944, 0.15952665192101861, 0.15466618967042231, 0.17247413524554309],
[0.1712224375439447, 0.17204264177924641, 0.16330426665559783, 0.16530939396003433, 0.15753580228027289, 0.17058545778090378],
[0.16866405461573514, 0.16179580260621912, 0.15083020779627854, 0.16743261327424616, 0.17377046272300989, 0.17750685898451116],
[0.17272147244965305, 0.16262615856088419, 0.15291042858831458, 0.17517244588509362, 0.17449367518766035, 0.16207581932839427],
[0.16859145680449814, 0.17281188001828537, 0.15564449349674001, 0.17200331266357113, 0.15750425701747686, 0.17344459999942832],
[0.15454222191701392, 0.17423397341955332, 0.1746535416781459, 0.17029235369884424, 0.1586567681601305, 0.16762114112631205],
[0.16384242895665599, 0.16763024235596827, 0.17283474831371917, 0.16677527715453308, 0.15892708674876277, 0.16999021647036075],
[0.16991136952719318, 0.16256380379810248, 0.16069386134412841, 0.15884450269363687, 0.17326886732055979, 0.17471759531637929],
[0.17476134810974267, 0.15815749342054106, 0.17236467431568009, 0.1696359235397257, 0.16381589300287713, 0.16126466761143346],
[0.16775797120764982, 0.16746807563265581, 0.16407526692633662, 0.16732085430201565, 0.16513650318422446, 0.16824132874711767],
[0.16215496894247333, 0.16778415925798348, 0.15499981598780907, 0.16778698712875609, 0.16939604555638707, 0.17787802312659085],
[0.16420076195481811, 0.1675213613733022, 0.15160570616749555, 0.17094390375415142, 0.1776620992256078, 0.16806616752462486],
[0.16579749896784454, 0.17579900820532196, 0.15605595458058288, 0.1784926495743234, 0.15240857777149477, 0.1714463109004325],
[0.1689338397696829, 0.15939028524615795, 0.16989309801381791, 0.16190757840075523, 0.15724802164179513, 0.18262717692779076],
[0.16541133433720137, 0.17158860051869138, 0.16424686843996322, 0.16576678372645737, 0.16522400294137057, 0.1677624100363162],
[0.16991390946242341, 0.17414159362031312, 0.15364481682983303, 0.16217858335887067, 0.170216714140389, 0.16990438258817089],
[0.16580838289229322, 0.16251219984796525, 0.16822832920540262, 0.15449883061866648, 0.16917045239066913, 0.17978180504500318],
[0.16634613932158979, 0.16491777392867552, 0.17100989319209892, 0.15963383570633008, 0.16316040391659492, 0.17493195393471087],
[0.16352878605302409, 0.16006154366350683, 0.16885228132055402, 0.16198106173185894, 0.17160688876047103, 0.17396943847058505],
[0.16788982934111191, 0.16158493949888644, 0.17400094751600814, 0.16220605066631305, 0.1666264350486778, 0.16769179792900266],
[0.17134003565763625, 0.15652598780177165, 0.1637270387842166, 0.16466801067393622, 0.16535820952879893, 0.17838071755364021],
[0.1629675935301601, 0.16775081471693051, 0.16578979414212666, 0.17134195286419604, 0.15342699753740413, 0.17872284720918249],
[0.17012706278458831, 0.16966788855343634, 0.16935849923399071, 0.16242747064230692, 0.15816837675483278, 0.17025070203084491],
[0.15713472607896495, 0.15818001353068023, 0.15777390182665824, 0.15799043800702087, 0.16448931292418745, 0.20443160763248822],
[0.16569652527531301, 0.16538867007946237, 0.16427200068801731, 0.15958756555556655, 0.16884705328689917, 0.17620818511474159],
[0.16515353401158273, 0.16639921798544824, 0.17140857043376209, 0.17254230448402549, 0.15852348694397436, 0.16597288614120712],
[0.15866730557379655, 0.1601951601903123, 0.17090161340087176, 0.16038779977646536, 0.16976743836539901, 0.18008068269315497],
[0.16116549374393951, 0.15522263528447275, 0.1631805511733409, 0.17101744231604343, 0.16706891259537901, 0.18234496488682433],
[0.17730266538488001, 0.1622801928415101, 0.1593874266138102, 0.16122419279611455, 0.17143882596870305, 0.16836669639498206],
[0.17776615120323599, 0.17299932392621323, 0.14854552243177518, 0.1693124956494666, 0.15931980287645484, 0.17205670391285408],
]
},
alignments: [
{ score: 0.45,
alignment: [
{ nodeIdR: 45, nodeIdL: 5},
{ nodeIdR: 44, nodeIdL: 2},
{ nodeIdR: 46, nodeIdL: 5},
{ nodeIdR: 47, nodeIdL: 5},
{ nodeIdR: 44, nodeIdL: 1},
{ nodeIdR: 44, nodeIdL: 5},
{ nodeIdR: 45, nodeIdL: 1},
{ nodeIdR: 46, nodeIdL: 1},
{ nodeIdR: 47, nodeIdL: 1},
{ nodeIdR: 44, nodeIdL: 0},
{ nodeIdR: 45, nodeIdL: 0},
{ nodeIdR: 46, nodeIdL: 0},
{ nodeIdR: 47, nodeIdL: 0},
{ nodeIdR: 44, nodeIdL: 4},
{ nodeIdR: 45, nodeIdL: 4},
{ nodeIdR: 46, nodeIdL: 4},
{ nodeIdR: 44, nodeIdL: 3},
{ nodeIdR: 45, nodeIdL: 3},
{ nodeIdR: 46, nodeIdL: 3},
{ nodeIdR: 47, nodeIdL: 3},
]
},{ score: 0.666666666667,
alignment: [
{ nodeIdR: 49, nodeIdL: 5},
{ nodeIdR: 59, nodeIdL: 5},
{ nodeIdR: 49, nodeIdL: 2},
{ nodeIdR: 60, nodeIdL: 5},
{ nodeIdR: 59, nodeIdL: 2},
{ nodeIdR: 60, nodeIdL: 2},
{ nodeIdR: 49, nodeIdL: 1},
{ nodeIdR: 59, nodeIdL: 1},
{ nodeIdR: 60, nodeIdL: 1},
{ nodeIdR: 49, nodeIdL: 0},
{ nodeIdR: 59, nodeIdL: 0},
{ nodeIdR: 60, nodeIdL: 0},
{ nodeIdR: 49, nodeIdL: 4},
{ nodeIdR: 59, nodeIdL: 4},
{ nodeIdR: 60, nodeIdL: 4},
{ nodeIdR: 49, nodeIdL: 3},
{ nodeIdR: 59, nodeIdL: 3},
{ nodeIdR: 60, nodeIdL: 3},
]
},{ score: 0.529411764706,
alignment: [
{ nodeIdR: 18, nodeIdL: 5},
{ nodeIdR: 17, nodeIdL: 2},
{ nodeIdR: 63, nodeIdL: 5},
{ nodeIdR: 17, nodeIdL: 5},
{ nodeIdR: 18, nodeIdL: 2},
{ nodeIdR: 17, nodeIdL: 1},
{ nodeIdR: 18, nodeIdL: 1},
{ nodeIdR: 28, nodeIdL: 1},
{ nodeIdR: 63, nodeIdL: 1},
{ nodeIdR: 18, nodeIdL: 0},
{ nodeIdR: 63, nodeIdL: 0},
{ nodeIdR: 17, nodeIdL: 4},
{ nodeIdR: 18, nodeIdL: 4},
{ nodeIdR: 63, nodeIdL: 4},
{ nodeIdR: 17, nodeIdL: 3},
{ nodeIdR: 18, nodeIdL: 3},
{ nodeIdR: 63, nodeIdL: 3},
]
},{ score: 0.705882352941,
alignment: [
{ nodeIdR: 19, nodeIdL: 2},
{ nodeIdR: 19, nodeIdL: 5},
{ nodeIdR: 25, nodeIdL: 5},
{ nodeIdR: 22, nodeIdL: 2},
{ nodeIdR: 22, nodeIdL: 5},
{ nodeIdR: 25, nodeIdL: 2},
{ nodeIdR: 19, nodeIdL: 1},
{ nodeIdR: 22, nodeIdL: 1},
{ nodeIdR: 25, nodeIdL: 1},
{ nodeIdR: 19, nodeIdL: 0},
{ nodeIdR: 22, nodeIdL: 0},
{ nodeIdR: 25, nodeIdL: 0},
{ nodeIdR: 19, nodeIdL: 4},
{ nodeIdR: 22, nodeIdL: 4},
{ nodeIdR: 25, nodeIdL: 4},
{ nodeIdR: 22, nodeIdL: 3},
{ nodeIdR: 25, nodeIdL: 3},
]
},{ score: 0.705882352941,
alignment: [
{ nodeIdR: 57, nodeIdL: 5},
{ nodeIdR: 50, nodeIdL: 5},
{ nodeIdR: 57, nodeIdL: 2},
{ nodeIdR: 53, nodeIdL: 5},
{ nodeIdR: 53, nodeIdL: 2},
{ nodeIdR: 57, nodeIdL: 1},
{ nodeIdR: 50, nodeIdL: 1},
{ nodeIdR: 53, nodeIdL: 1},
{ nodeIdR: 57, nodeIdL: 0},
{ nodeIdR: 50, nodeIdL: 0},
{ nodeIdR: 53, nodeIdL: 0},
{ nodeIdR: 57, nodeIdL: 4},
{ nodeIdR: 50, nodeIdL: 4},
{ nodeIdR: 53, nodeIdL: 4},
{ nodeIdR: 57, nodeIdL: 3},
{ nodeIdR: 50, nodeIdL: 3},
{ nodeIdR: 53, nodeIdL: 3},
]
},{ score: 0.75,
alignment: [
{ nodeIdR: 20, nodeIdL: 5},
{ nodeIdR: 24, nodeIdL: 5},
{ nodeIdR: 20, nodeIdL: 2},
{ nodeIdR: 23, nodeIdL: 5},
{ nodeIdR: 24, nodeIdL: 2},
{ nodeIdR: 20, nodeIdL: 1},
{ nodeIdR: 23, nodeIdL: 1},
{ nodeIdR: 24, nodeIdL: 1},
{ nodeIdR: 20, nodeIdL: 0},
{ nodeIdR: 24, nodeIdL: 0},
{ nodeIdR: 20, nodeIdL: 4},
{ nodeIdR: 23, nodeIdL: 4},
{ nodeIdR: 24, nodeIdL: 4},
{ nodeIdR: 20, nodeIdL: 3},
{ nodeIdR: 23, nodeIdL: 3},
{ nodeIdR: 24, nodeIdL: 3},
]
},{ score: 0.75,
alignment: [
{ nodeIdR: 32, nodeIdL: 2},
{ nodeIdR: 34, nodeIdL: 5},
{ nodeIdR: 35, nodeIdL: 5},
{ nodeIdR: 32, nodeIdL: 5},
{ nodeIdR: 34, nodeIdL: 2},
{ nodeIdR: 35, nodeIdL: 2},
{ nodeIdR: 32, nodeIdL: 1},
{ nodeIdR: 34, nodeIdL: 1},
{ nodeIdR: 35, nodeIdL: 1},
{ nodeIdR: 32, nodeIdL: 0},
{ nodeIdR: 34, nodeIdL: 0},
{ nodeIdR: 35, nodeIdL: 0},
{ nodeIdR: 32, nodeIdL: 4},
{ nodeIdR: 34, nodeIdL: 4},
{ nodeIdR: 32, nodeIdL: 3},
{ nodeIdR: 34, nodeIdL: 3},
]
},{ score: 0.325520833333,
alignment: [
{ nodeIdR: 29, nodeIdL: 5},
{ nodeIdR: 62, nodeIdL: 5},
{ nodeIdR: 12, nodeIdL: 5},
{ nodeIdR: 11, nodeIdL: 1},
{ nodeIdR: 12, nodeIdL: 1},
{ nodeIdR: 29, nodeIdL: 1},
{ nodeIdR: 11, nodeIdL: 0},
{ nodeIdR: 12, nodeIdL: 0},
{ nodeIdR: 11, nodeIdL: 4},
{ nodeIdR: 12, nodeIdL: 4},
{ nodeIdR: 29, nodeIdL: 4},
{ nodeIdR: 62, nodeIdL: 4},
{ nodeIdR: 11, nodeIdL: 3},
{ nodeIdR: 12, nodeIdL: 3},
{ nodeIdR: 29, nodeIdL: 3},
{ nodeIdR: 62, nodeIdL: 3},
]
},{ score: 0.6,
alignment: [
{ nodeIdR: 4, nodeIdL: 5},
{ nodeIdR: 15, nodeIdL: 2},
{ nodeIdR: 28, nodeIdL: 5},
{ nodeIdR: 64, nodeIdL: 5},
{ nodeIdR: 15, nodeIdL: 1},
{ nodeIdR: 15, nodeIdL: 5},
{ nodeIdR: 64, nodeIdL: 1},
{ nodeIdR: 15, nodeIdL: 0},
{ nodeIdR: 64, nodeIdL: 0},
{ nodeIdR: 4, nodeIdL: 4},
{ nodeIdR: 28, nodeIdL: 4},
{ nodeIdR: 15, nodeIdL: 3},
{ nodeIdR: 4, nodeIdL: 3},
{ nodeIdR: 28, nodeIdL: 3},
{ nodeIdR: 64, nodeIdL: 3},
]
},{ score: 0.857142857143,
alignment: [
{ nodeIdR: 14, nodeIdL: 5},
{ nodeIdR: 13, nodeIdL: 2},
{ nodeIdR: 61, nodeIdL: 5},
{ nodeIdR: 13, nodeIdL: 5},
{ nodeIdR: 14, nodeIdL: 2},
{ nodeIdR: 61, nodeIdL: 2},
{ nodeIdR: 13, nodeIdL: 1},
{ nodeIdR: 14, nodeIdL: 1},
{ nodeIdR: 14, nodeIdL: 0},
{ nodeIdR: 13, nodeIdL: 4},
{ nodeIdR: 14, nodeIdL: 4},
{ nodeIdR: 61, nodeIdL: 4},
{ nodeIdR: 13, nodeIdL: 3},
{ nodeIdR: 14, nodeIdL: 3},
]
},{ score: 1.5,
alignment: [
{ nodeIdR: 42, nodeIdL: 2},
{ nodeIdR: 42, nodeIdL: 5},
{ nodeIdR: 41, nodeIdL: 5},
{ nodeIdR: 41, nodeIdL: 2},
{ nodeIdR: 42, nodeIdL: 1},
{ nodeIdR: 41, nodeIdL: 1},
{ nodeIdR: 42, nodeIdL: 0},
{ nodeIdR: 41, nodeIdL: 0},
{ nodeIdR: 42, nodeIdL: 4},
{ nodeIdR: 41, nodeIdL: 4},
{ nodeIdR: 42, nodeIdL: 3},
{ nodeIdR: 41, nodeIdL: 3},
]
},{ score: 1.5,
alignment: [
{ nodeIdR: 8, nodeIdL: 5},
{ nodeIdR: 9, nodeIdL: 5},
{ nodeIdR: 8, nodeIdL: 2},
{ nodeIdR: 9, nodeIdL: 2},
{ nodeIdR: 8, nodeIdL: 1},
{ nodeIdR: 9, nodeIdL: 1},
{ nodeIdR: 8, nodeIdL: 0},
{ nodeIdR: 9, nodeIdL: 0},
{ nodeIdR: 8, nodeIdL: 4},
{ nodeIdR: 9, nodeIdL: 4},
{ nodeIdR: 8, nodeIdL: 3},
{ nodeIdR: 9, nodeIdL: 3},
]
},{ score: 1.63636363636,
alignment: [
{ nodeIdR: 36, nodeIdL: 5},
{ nodeIdR: 37, nodeIdL: 5},
{ nodeIdR: 36, nodeIdL: 2},
{ nodeIdR: 36, nodeIdL: 1},
{ nodeIdR: 37, nodeIdL: 1},
{ nodeIdR: 36, nodeIdL: 0},
{ nodeIdR: 37, nodeIdL: 0},
{ nodeIdR: 36, nodeIdL: 4},
{ nodeIdR: 37, nodeIdL: 4},
{ nodeIdR: 36, nodeIdL: 3},
{ nodeIdR: 37, nodeIdL: 3},
]
},{ score: 1.63636363636,
alignment: [
{ nodeIdR: 43, nodeIdL: 5},
{ nodeIdR: 38, nodeIdL: 5},
{ nodeIdR: 43, nodeIdL: 2},
{ nodeIdR: 43, nodeIdL: 1},
{ nodeIdR: 38, nodeIdL: 1},
{ nodeIdR: 43, nodeIdL: 0},
{ nodeIdR: 38, nodeIdL: 0},
{ nodeIdR: 43, nodeIdL: 4},
{ nodeIdR: 38, nodeIdL: 4},
{ nodeIdR: 43, nodeIdL: 3},
{ nodeIdR: 38, nodeIdL: 3},
]
},{ score: 1.63636363636,
alignment: [
{ nodeIdR: 7, nodeIdL: 2},
{ nodeIdR: 7, nodeIdL: 5},
{ nodeIdR: 10, nodeIdL: 5},
{ nodeIdR: 10, nodeIdL: 2},
{ nodeIdR: 7, nodeIdL: 1},
{ nodeIdR: 10, nodeIdL: 1},
{ nodeIdR: 10, nodeIdL: 0},
{ nodeIdR: 7, nodeIdL: 4},
{ nodeIdR: 10, nodeIdL: 4},
{ nodeIdR: 7, nodeIdL: 3},
{ nodeIdR: 10, nodeIdL: 3},
]
},{ score: 1.63636363636,
alignment: [
{ nodeIdR: 51, nodeIdL: 5},
{ nodeIdR: 51, nodeIdL: 2},
{ nodeIdR: 52, nodeIdL: 5},
{ nodeIdR: 52, nodeIdL: 2},
{ nodeIdR: 51, nodeIdL: 1},
{ nodeIdR: 52, nodeIdL: 1},
{ nodeIdR: 51, nodeIdL: 0},
{ nodeIdR: 52, nodeIdL: 0},
{ nodeIdR: 51, nodeIdL: 4},
{ nodeIdR: 52, nodeIdL: 4},
{ nodeIdR: 52, nodeIdL: 3},
]
},{ score: 1.63636363636,
alignment: [
{ nodeIdR: 31, nodeIdL: 2},
{ nodeIdR: 16, nodeIdL: 5},
{ nodeIdR: 31, nodeIdL: 5},
{ nodeIdR: 16, nodeIdL: 2},
{ nodeIdR: 31, nodeIdL: 1},
{ nodeIdR: 16, nodeIdL: 1},
{ nodeIdR: 31, nodeIdL: 0},
{ nodeIdR: 16, nodeIdL: 0},
{ nodeIdR: 31, nodeIdL: 4},
{ nodeIdR: 31, nodeIdL: 3},
{ nodeIdR: 16, nodeIdL: 3},
]
},{ score: 1.8,
alignment: [
{ nodeIdR: 39, nodeIdL: 5},
{ nodeIdR: 40, nodeIdL: 5},
{ nodeIdR: 40, nodeIdL: 2},
{ nodeIdR: 39, nodeIdL: 1},
{ nodeIdR: 40, nodeIdL: 1},
{ nodeIdR: 39, nodeIdL: 0},
{ nodeIdR: 39, nodeIdL: 4},
{ nodeIdR: 40, nodeIdL: 4},
{ nodeIdR: 39, nodeIdL: 3},
{ nodeIdR: 40, nodeIdL: 3},
]
},{ score: 6.0,
alignment: [
{ nodeIdR: 1, nodeIdL: 2},
{ nodeIdR: 1, nodeIdL: 5},
{ nodeIdR: 1, nodeIdL: 1},
{ nodeIdR: 1, nodeIdL: 0},
{ nodeIdR: 1, nodeIdL: 4},
{ nodeIdR: 1, nodeIdL: 3},
]
},{ score: 6.0,
alignment: [
{ nodeIdR: 54, nodeIdL: 5},
{ nodeIdR: 54, nodeIdL: 2},
{ nodeIdR: 54, nodeIdL: 1},
{ nodeIdR: 54, nodeIdL: 0},
{ nodeIdR: 54, nodeIdL: 4},
{ nodeIdR: 54, nodeIdL: 3},
]
},{ score: 4.16666666667,
alignment: [
{ nodeIdR: 21, nodeIdL: 5},
{ nodeIdR: 21, nodeIdL: 1},
{ nodeIdR: 21, nodeIdL: 0},
{ nodeIdR: 21, nodeIdL: 4},
{ nodeIdR: 21, nodeIdL: 3},
]
},{ score: 4.16666666667,
alignment: [
{ nodeIdR: 56, nodeIdL: 2},
{ nodeIdR: 56, nodeIdL: 5},
{ nodeIdR: 56, nodeIdL: 1},
{ nodeIdR: 56, nodeIdL: 0},
{ nodeIdR: 56, nodeIdL: 3},
]
},{ score: 4.16666666667,
alignment: [
{ nodeIdR: 55, nodeIdL: 5},
{ nodeIdR: 55, nodeIdL: 2},
{ nodeIdR: 55, nodeIdL: 0},
{ nodeIdR: 55, nodeIdL: 4},
{ nodeIdR: 55, nodeIdL: 3},
]
},{ score: 4.16666666667,
alignment: [
{ nodeIdR: 5, nodeIdL: 5},
{ nodeIdR: 5, nodeIdL: 1},
{ nodeIdR: 5, nodeIdL: 0},
{ nodeIdR: 5, nodeIdL: 4},
{ nodeIdR: 5, nodeIdL: 3},
]
},{ score: 2.66666666667,
alignment: [
{ nodeIdR: 0, nodeIdL: 5},
{ nodeIdR: 0, nodeIdL: 1},
{ nodeIdR: 0, nodeIdL: 0},
{ nodeIdR: 0, nodeIdL: 4},
]
},{ score: 2.66666666667,
alignment: [
{ nodeIdR: 30, nodeIdL: 5},
{ nodeIdR: 30, nodeIdL: 1},
{ nodeIdR: 30, nodeIdL: 4},
{ nodeIdR: 30, nodeIdL: 3},
]
},{ score: 2.66666666667,
alignment: [
{ nodeIdR: 33, nodeIdL: 5},
{ nodeIdR: 33, nodeIdL: 2},
{ nodeIdR: 33, nodeIdL: 0},
{ nodeIdR: 33, nodeIdL: 3},
]
},{ score: 0.666666666667,
alignment: [
{ nodeIdR: 58, nodeIdL: 5},
{ nodeIdR: 3, nodeIdL: 1},
{ nodeIdR: 2, nodeIdL: 0},
{ nodeIdR: 26, nodeIdL: 3},
]
},{ score: 1.5,
alignment: [
{ nodeIdR: 48, nodeIdL: 2},
{ nodeIdR: 48, nodeIdL: 5},
{ nodeIdR: 48, nodeIdL: 0},
]
},{ score: 0.333333333333,
alignment: [
{ nodeIdR: 6, nodeIdL: 2},
{ nodeIdR: 27, nodeIdL: 4},
]
},]
}